6.977521777153015137e-01,-6.478236317634582520e-01
6.924444437026977539e-01,-6.258995532989501953e-01
6.929547190666198730e-01,-5.906537771224975586e-01
6.983767747879028320e-01,-5.652058124542236328e-01
6.937964558601379395e-01,-5.275957584381103516e-01
6.909636855125427246e-01,-6.289067268371582031e-01
6.883789300918579102e-01,-8.085156679153442383e-01
6.976228356361389160e-01,-6.671567559242248535e-01
6.861112117767333984e-01,-8.285477757453918457e-01
6.857622861862182617e-01,-6.935191750526428223e-01
6.891856193542480469e-01,-5.713156461715698242e-01
6.921243667602539062e-01,-7.167147994041442871e-01
6.878182291984558105e-01,-7.033522129058837891e-01
6.873373985290527344e-01,-5.979337096214294434e-01
6.916828751564025879e-01,-4.920473396778106689e-01
6.885725259780883789e-01,-5.887803435325622559e-01
6.913800835609436035e-01,-3.833280503749847412e-01
6.913226842880249023e-01,-4.609844684600830078e-01
6.899069547653198242e-01,-4.017674028873443604e-01
6.890237331390380859e-01,-2.371095120906829834e-01
6.983147263526916504e-01,-1.959376633167266846e-01
6.917401552200317383e-01,-1.931165158748626709e-01
6.971311569213867188e-01,-5.914499983191490173e-02
6.929738521575927734e-01,-1.082012504339218140e-01
6.949855089187622070e-01,-6.479156017303466797e-02
6.946439743041992188e-01,-3.914762288331985474e-02
7.014272212982177734e-01,-6.688892096281051636e-02
6.948823928833007812e-01,-2.896992489695549011e-02
6.971983909606933594e-01,-1.192392781376838684e-02
6.969094276428222656e-01,1.107876561582088470e-02
6.940718293190002441e-01,-2.718776650726795197e-02
6.963923573493957520e-01,-3.602135553956031799e-02
6.992602348327636719e-01,-1.139801740646362305e-02
6.973758935928344727e-01,-2.216784283518791199e-02
6.947677731513977051e-01,-6.558545678853988647e-02
5.000000000000000000e-01,-1.544616388014981689e+00
6.948626637458801270e-01,-2.914172969758510590e-02
6.992607712745666504e-01,5.384701862931251526e-02
6.992647051811218262e-01,8.144671097397804260e-03
7.043763399124145508e-01,1.754667013883590698e-01
7.007164359092712402e-01,1.185602545738220215e-01
7.055643796920776367e-01,1.497313231229782104e-01
6.994754076004028320e-01,1.227929815649986267e-01
6.965088844299316406e-01,1.753762215375900269e-01
7.005184888839721680e-01,1.604292392730712891e-01
7.035985589027404785e-01,8.335215598344802856e-02
7.015110254287719727e-01,1.745471507310867310e-01
6.980990767478942871e-01,1.504873484373092651e-01
6.968649625778198242e-01,2.398523986339569092e-01
6.957648396492004395e-01,1.563693135976791382e-01
7.026119828224182129e-01,2.806825935840606689e-01
6.970001459121704102e-01,1.515116840600967407e-01
7.001883387565612793e-01,7.951944321393966675e-02
6.949298977851867676e-01,1.087610796093940735e-01
6.998497247695922852e-01,9.349770843982696533e-02
6.963415741920471191e-01,2.006860077381134033e-01
6.988685727119445801e-01,1.381783485412597656e-01
6.980834603309631348e-01,1.000183522701263428e-01
6.991496086120605469e-01,1.663960814476013184e-01
7.114619016647338867e-01,2.306017279624938965e-01
7.029743194580078125e-01,2.538558244705200195e-01
6.920865178108215332e-01,6.094995513558387756e-02
6.966500878334045410e-01,6.743158400058746338e-02
7.032409310340881348e-01,8.908189088106155396e-02
7.007505893707275391e-01,1.384389679878950119e-02
6.945157647132873535e-01,-2.081360667943954468e-02
6.993016004562377930e-01,6.510901451110839844e-02
5.000000000000000000e-01,-1.596976265574811427e+00
7.011565566062927246e-01,1.887041032314300537e-01
7.074322104454040527e-01,2.395429164171218872e-01
7.002472877502441406e-01,2.653186321258544922e-01
7.060601115226745605e-01,1.516181081533432007e-01
7.063720226287841797e-01,4.038170874118804932e-01
7.067237496376037598e-01,3.273307681083679199e-01
7.090110778808593750e-01,3.334265649318695068e-01
6.946991086006164551e-01,2.353682368993759155e-02
6.985586285591125488e-01,1.770108044147491455e-01
7.025843262672424316e-01,7.658472657203674316e-02
6.996884942054748535e-01,2.795327901840209961e-01
6.997258067131042480e-01,1.944070123136043549e-02
6.990224123001098633e-01,4.908012971282005310e-02
7.059099674224853516e-01,4.544432088732719421e-02
6.995889544486999512e-01,1.981282047927379608e-02
6.966829299926757812e-01,6.460937857627868652e-02
6.961876749992370605e-01,-4.798046126961708069e-02
6.935322284698486328e-01,8.158328384160995483e-02
6.988623738288879395e-01,-2.131294459104537964e-02
6.979108452796936035e-01,-3.164047840982675552e-03
7.019354701042175293e-01,5.008346587419509888e-02
6.997685432434082031e-01,7.818934321403503418e-02
6.951901316642761230e-01,5.049985647201538086e-02
7.009428739547729492e-01,1.954854466021060944e-02
6.967054009437561035e-01,1.316242502070963383e-03
6.945800781250000000e-01,-7.236731797456741333e-02
6.984637379646301270e-01,-8.063112944364547729e-02
6.983133554458618164e-01,1.755722478264942765e-04
6.935885548591613770e-01,-1.183115616440773010e-01
6.972503066062927246e-01,-1.424785703420639038e-01
5.000000000000000000e-01,-1.596976265574811427e+00
7.017567157745361328e-01,5.271295830607414246e-02
7.024996280670166016e-01,8.783560991287231445e-02
7.014777064323425293e-01,7.316886633634567261e-02
7.005409002304077148e-01,5.189129337668418884e-02
6.986128091812133789e-01,-1.155315991491079330e-02
6.973160505294799805e-01,4.945721104741096497e-02
7.016377449035644531e-01,6.479410827159881592e-02
6.988406777381896973e-01,8.616997301578521729e-02
6.979695558547973633e-01,8.118712157011032104e-02
6.971349716186523438e-01,1.710435142740607262e-03
6.978597640991210938e-01,3.933106735348701477e-02
6.996250748634338379e-01,2.959605306386947632e-02
6.978289484977722168e-01,6.411651521921157837e-02
6.977818608283996582e-01,6.881065666675567627e-02
6.948500871658325195e-01,3.360334783792495728e-02
6.987628340721130371e-01,-2.268727496266365051e-02
6.971690654754638672e-01,4.238042514771223068e-03
6.970559954643249512e-01,2.602664195001125336e-02
6.958290934562683105e-01,2.948634140193462372e-02
6.977990269660949707e-01,-1.871381327509880066e-02
6.966617107391357422e-01,-1.048580836504697800e-02
7.009099721908569336e-01,-1.102165505290031433e-02
7.016307711601257324e-01,-1.438165828585624695e-02
6.932840347290039062e-01,3.885426744818687439e-02
6.998353600502014160e-01,5.163577385246753693e-03
6.998133659362792969e-01,-3.408033400774002075e-02
6.988985538482666016e-01,-2.905643358826637268e-02
6.988229751586914062e-01,-6.972730625420808792e-03
6.934026479721069336e-01,1.806297712028026581e-02
7.027578949928283691e-01,-1.898992247879505157e-02
5.000000000000000000e-01,-1.596976265574811427e+00
7.047040462493896484e-01,1.024734452366828918e-01
7.031087279319763184e-01,1.231622695922851562e-01
7.034992575645446777e-01,7.222410291433334351e-02
7.067594528198242188e-01,1.809898316860198975e-01
6.993625760078430176e-01,1.016562879085540771e-01
6.981703042984008789e-01,7.591575384140014648e-02
7.015215158462524414e-01,7.614984363317489624e-02
6.991387605667114258e-01,6.543271988630294800e-02
7.018090486526489258e-01,1.008973568677902222e-01
7.015408277511596680e-01,9.143700450658798218e-02
7.035362720489501953e-01,3.168293833732604980e-01
6.989895701408386230e-01,6.145258992910385132e-02
6.974422335624694824e-01,6.261958181858062744e-02
6.967163085937500000e-01,1.239988133311271667e-01
6.988026499748229980e-01,2.727703563868999481e-02
7.010049819946289062e-01,5.321834608912467957e-02
7.012987732887268066e-01,4.373226687312126160e-02
7.002507448196411133e-01,3.089604713022708893e-02
6.996405124664306641e-01,1.506992150098085403e-02
7.014645934104919434e-01,3.192411735653877258e-02
7.002869844436645508e-01,5.200064927339553833e-02
7.006393671035766602e-01,8.905310183763504028e-02
6.982620954513549805e-01,1.030880212783813477e-01
7.006718516349792480e-01,1.379975024610757828e-02
6.987825036048889160e-01,3.491783887147903442e-02
6.961585283279418945e-01,5.449663382023572922e-03
7.035571932792663574e-01,7.167933974415063858e-03
7.048766613006591797e-01,-5.704477734980173409e-05
6.933879852294921875e-01,3.872634097933769226e-02
6.953153014183044434e-01,5.874908715486526489e-02
5.000000000000000000e-01,-1.596976265574811427e+00
7.043562531471252441e-01,5.558472499251365662e-02
7.006275653839111328e-01,8.393128216266632080e-02
7.002543210983276367e-01,-7.717391010373830795e-03
6.957482099533081055e-01,9.374759346246719360e-02
6.937853097915649414e-01,3.774150088429450989e-02
6.959218382835388184e-01,1.494665909558534622e-02
6.995263695716857910e-01,7.002514600753784180e-02
6.976181268692016602e-01,7.165218144655227661e-02
7.007760405540466309e-01,3.094251453876495361e-02
7.014485001564025879e-01,7.553042471408843994e-02
6.966817975044250488e-01,8.074598014354705811e-02
7.033761739730834961e-01,1.585426330566406250e-01
6.910474300384521484e-01,-7.129169255495071411e-02
6.984241008758544922e-01,2.418613284826278687e-01
6.924450993537902832e-01,8.777531236410140991e-02
6.926094889640808105e-01,7.668790966272354126e-02
7.022906541824340820e-01,1.261767148971557617e-01
7.020925879478454590e-01,1.625277660787105560e-02
7.014770507812500000e-01,2.921877615153789520e-02
6.998429894447326660e-01,5.893757566809654236e-02
7.005352377891540527e-01,6.309808045625686646e-02
6.993452906608581543e-01,8.731434494256973267e-02
7.031216621398925781e-01,-3.201276063919067383e-02
6.957179903984069824e-01,1.997438073158264160e-02
6.976489424705505371e-01,3.040714189410209656e-02
6.995342373847961426e-01,-2.436089515686035156e-02
6.966071724891662598e-01,3.407962992787361145e-02
6.981629729270935059e-01,-5.628155544400215149e-02
6.967397332191467285e-01,3.779618069529533386e-02
7.015951871871948242e-01,1.365027576684951782e-02
5.000000000000000000e-01,-1.596976265574811427e+00
6.966688632965087891e-01,2.199018299579620361e-01
6.993476748466491699e-01,3.298542648553848267e-02
6.969845294952392578e-01,5.214225128293037415e-02
6.993531584739685059e-01,1.230720952153205872e-01
6.961415410041809082e-01,7.202882319688796997e-03
6.962972283363342285e-01,6.219718232750892639e-02
7.020193338394165039e-01,4.279807582497596741e-02
6.985947489738464355e-01,2.112896181643009186e-02
7.033327221870422363e-01,4.307258501648902893e-02
7.010313868522644043e-01,2.865475602447986603e-02
6.992155909538269043e-01,3.676675958558917046e-03
6.975001692771911621e-01,-8.231436833739280701e-03
6.969316601753234863e-01,2.645657025277614594e-02
6.962676048278808594e-01,1.141786389052867889e-02
6.953694820404052734e-01,1.401777192950248718e-02
6.975688934326171875e-01,-9.723963215947151184e-03
7.063164114952087402e-01,9.307861328125000000e-02
6.959015130996704102e-01,4.144817590713500977e-02
6.966017484664916992e-01,3.230081126093864441e-02
6.937291026115417480e-01,-4.558303952217102051e-02
6.989921927452087402e-01,2.110842056572437286e-02
7.027150988578796387e-01,3.481665253639221191e-02
6.950604915618896484e-01,-1.928293518722057343e-02
6.954494714736938477e-01,4.977300390601158142e-02
6.950529813766479492e-01,6.328427046537399292e-02
6.965168714523315430e-01,2.708942815661430359e-02
6.968883275985717773e-01,1.007654592394828796e-01
7.029926776885986328e-01,6.771437078714370728e-02
6.982161402702331543e-01,-8.254470303654670715e-03
7.044224739074707031e-01,8.916582167148590088e-02
5.000000000000000000e-01,-1.596976265574811427e+00
7.071035504341125488e-01,2.580374181270599365e-01
7.043845653533935547e-01,4.089575111865997314e-01
7.005927562713623047e-01,3.914048075675964355e-01
7.029180526733398438e-01,2.570793628692626953e-01
6.961984634399414062e-01,2.012926340103149414e-01
6.971112489700317383e-01,1.220933943986892700e-01
6.969351172447204590e-01,7.970178127288818359e-02
6.957311630249023438e-01,3.451253101229667664e-02
6.969375610351562500e-01,2.762935161590576172e-01
7.022568583488464355e-01,1.825760751962661743e-01
6.971881389617919922e-01,3.584998473525047302e-02
6.935672163963317871e-01,1.943671703338623047e-02
6.965621709823608398e-01,1.539274677634239197e-02
6.960910558700561523e-01,-6.975780241191387177e-03
6.957669258117675781e-01,2.927152812480926514e-02
6.956157088279724121e-01,-1.675402373075485229e-02
6.990290880203247070e-01,1.231579575687646866e-02
6.960593461990356445e-01,-1.737033016979694366e-02
6.963112354278564453e-01,9.640016406774520874e-02
6.972826719284057617e-01,8.983734995126724243e-03
6.976113319396972656e-01,1.086272671818733215e-02
7.000738978385925293e-01,4.430460557341575623e-02
6.937649846076965332e-01,-1.547104213386774063e-02
6.989990472793579102e-01,3.971121460199356079e-02
6.962960958480834961e-01,3.213127329945564270e-02
6.968540549278259277e-01,9.059454500675201416e-02
6.961586475372314453e-01,3.938370570540428162e-02
6.995176672935485840e-01,2.057666517794132233e-02
6.937534809112548828e-01,-1.485559344291687012e-01
7.016454935073852539e-01,-6.676454842090606689e-02
5.000000000000000000e-01,-1.596976265574811427e+00
6.973763704299926758e-01,5.704666953533887863e-03
6.895961165428161621e-01,4.826538264751434326e-02
6.965989470481872559e-01,4.054247215390205383e-02
6.972047686576843262e-01,1.478940993547439575e-02
7.005109190940856934e-01,7.040956616401672363e-02
7.009205818176269531e-01,5.387180671095848083e-02
6.997695565223693848e-01,1.743079163134098053e-02
6.998913884162902832e-01,6.178283691406250000e-02
7.004806399345397949e-01,5.739444866776466370e-02
7.012029290199279785e-01,5.221465975046157837e-02
7.033557891845703125e-01,5.486303567886352539e-02
6.979042887687683105e-01,5.123555287718772888e-02
6.996127367019653320e-01,6.747588515281677246e-02
6.979278326034545898e-01,3.856981545686721802e-02
6.968569755554199219e-01,5.961637198925018311e-02
6.958239078521728516e-01,2.468932606279850006e-02
6.994642615318298340e-01,4.199843481183052063e-02
6.991491317749023438e-01,4.302087426185607910e-02
6.955035328865051270e-01,-5.705642979592084885e-03
7.016506791114807129e-01,9.776124730706214905e-03
6.974418759346008301e-01,-1.054940372705459595e-02
6.933832168579101562e-01,6.245360150933265686e-02
7.006211280822753906e-01,4.789066035300493240e-03
6.988243460655212402e-01,2.796924905851483345e-03
6.995765566825866699e-01,-2.905216626822948456e-02
6.972827315330505371e-01,-4.215953499078750610e-02
6.962288618087768555e-01,-1.777219586074352264e-02
6.999840140342712402e-01,-9.812568128108978271e-02
6.940476298332214355e-01,3.882132098078727722e-02
7.007758617401123047e-01,8.324991911649703979e-03
5.000000000000000000e-01,-1.596976265574811427e+00
7.083885669708251953e-01,7.617481052875518799e-02
7.011490464210510254e-01,1.824193298816680908e-01
6.983938813209533691e-01,6.772436201572418213e-02
7.013521194458007812e-01,1.423833221197128296e-01
7.017726898193359375e-01,2.992291934788227081e-02
7.000001072883605957e-01,1.198177337646484375e-01
6.983287334442138672e-01,6.619706004858016968e-02
6.948655247688293457e-01,2.503934502601623535e-02
6.983246803283691406e-01,1.054450869560241699e-01
7.030312418937683105e-01,5.124669894576072693e-02
7.004935741424560547e-01,-4.372106119990348816e-02
6.960296630859375000e-01,9.227597713470458984e-02
6.982056498527526855e-01,1.351872272789478302e-02
6.964288353919982910e-01,7.756271865218877792e-03
6.989455819129943848e-01,5.885289236903190613e-02
7.031412720680236816e-01,4.072209820151329041e-02
6.957353949546813965e-01,6.185745447874069214e-02
6.985089182853698730e-01,7.854335010051727295e-02
7.006877660751342773e-01,5.570713058114051819e-02
6.980816721916198730e-01,5.868323519825935364e-02
6.993851065635681152e-01,1.079557165503501892e-01
6.986017227172851562e-01,2.805824577808380127e-01
6.977214217185974121e-01,7.284963876008987427e-02
7.037773728370666504e-01,2.105133086442947388e-01
7.000182867050170898e-01,5.570846796035766602e-02
6.992718577384948730e-01,-8.537842892110347748e-03
6.989672183990478516e-01,-5.530377104878425598e-02
6.949930191040039062e-01,-9.618124924600124359e-03
6.967178583145141602e-01,1.435291604138910770e-03
6.963020563125610352e-01,-2.202732488512992859e-02
5.000000000000000000e-01,-1.596976265574811427e+00
6.973280310630798340e-01,2.446455508470535278e-01
7.077915668487548828e-01,1.061429753899574280e-01
7.059276103973388672e-01,1.970260292291641235e-01
7.030697464942932129e-01,2.807160913944244385e-01
6.967405080795288086e-01,9.624002873897552490e-02
6.982374191284179688e-01,6.797370314598083496e-02
7.063145637512207031e-01,3.656423091888427734e-02
6.952854394912719727e-01,1.330910772085189819e-01
6.993451714515686035e-01,3.481272757053375244e-01
6.946793198585510254e-01,1.635680049657821655e-01
6.980689167976379395e-01,1.207237597554922104e-02
7.013499736785888672e-01,7.254050672054290771e-02
7.019562721252441406e-01,1.653031446039676666e-02
7.023022174835205078e-01,-2.248866856098175049e-02
6.969456672668457031e-01,3.440668433904647827e-02
6.978061199188232422e-01,-4.570531472563743591e-02
6.963149309158325195e-01,2.919851988554000854e-02
6.996772289276123047e-01,-1.219784934073686600e-02
7.042550444602966309e-01,-4.674086719751358032e-02
7.010623216629028320e-01,-8.067733794450759888e-02
6.956415772438049316e-01,-1.869427785277366638e-02
6.977279186248779297e-01,-1.196115091443061829e-02
6.956259608268737793e-01,-1.478372514247894287e-02
6.996516585350036621e-01,2.660741796717047691e-03
7.004691362380981445e-01,-3.463313356041908264e-02
6.937710642814636230e-01,-5.139706656336784363e-02
7.008526921272277832e-01,-6.238504871726036072e-02
6.986187100410461426e-01,3.778886795043945312e-02
6.979907751083374023e-01,1.939371787011623383e-02
7.009649872779846191e-01,-2.500553987920284271e-02
5.000000000000000000e-01,-1.596976265574811427e+00
7.037115693092346191e-01,2.006431072950363159e-01
7.037470340728759766e-01,1.690418571233749390e-01
7.029395103454589844e-01,5.857706069946289062e-02
7.007336616516113281e-01,5.647959560155868530e-02
6.969103813171386719e-01,3.435339778661727905e-02
6.995456814765930176e-01,1.382979303598403931e-01
7.014079689979553223e-01,7.441311329603195190e-02
7.002857923507690430e-01,5.617053061723709106e-02
6.982929110527038574e-01,1.231727749109268188e-01
6.998995542526245117e-01,2.416268140077590942e-01
7.009558677673339844e-01,1.657533198595046997e-01
6.976749300956726074e-01,8.420280367136001587e-02
6.985960006713867188e-01,7.605883479118347168e-02
6.997327804565429688e-01,6.660530716180801392e-02
7.001423239707946777e-01,1.283679902553558350e-02
6.995102167129516602e-01,3.907818347215652466e-02
6.987249255180358887e-01,4.468632489442825317e-02
7.021844983100891113e-01,9.143191576004028320e-02
7.044088244438171387e-01,3.242702409625053406e-02
6.981844902038574219e-01,-1.036240383982658386e-01
6.959723830223083496e-01,3.365510702133178711e-02
7.015858888626098633e-01,7.030543684959411621e-02
6.950208544731140137e-01,5.663545802235603333e-03
6.999166607856750488e-01,-3.859281539916992188e-02
6.918950080871582031e-01,1.357594737783074379e-04
6.971384286880493164e-01,-1.285323034971952438e-02
6.971623301506042480e-01,1.992933265864849091e-02
6.991553306579589844e-01,1.587975025177001953e-02
6.942726969718933105e-01,5.848275125026702881e-02
6.946710348129272461e-01,2.630705945193767548e-02
5.000000000000000000e-01,-1.596976265574811427e+00
6.978360414505004883e-01,7.769621163606643677e-02
6.987844109535217285e-01,1.062561422586441040e-01
7.028011679649353027e-01,1.016672700643539429e-01
6.992871165275573730e-01,1.922441720962524414e-01
7.004685997962951660e-01,1.361630856990814209e-01
6.893258690834045410e-01,5.221043527126312256e-02
7.020812034606933594e-01,8.877083659172058105e-02
7.044078707695007324e-01,1.061674430966377258e-01
6.966516971588134766e-01,1.174354031682014465e-01
6.969627737998962402e-01,4.293895885348320007e-02
6.996683478355407715e-01,8.134920895099639893e-02
7.067842483520507812e-01,1.284042745828628540e-01
6.894445419311523438e-01,2.376237884163856506e-02
7.029241919517517090e-01,8.553395420312881470e-02
6.933380961418151855e-01,7.346848491579294205e-03
6.966499686241149902e-01,1.796865463256835938e-02
6.988980770111083984e-01,3.109179623425006866e-02
6.963618397712707520e-01,-6.497655995190143585e-03
7.000176310539245605e-01,3.862733393907546997e-02
6.976966857910156250e-01,-7.556479424238204956e-02
6.977376937866210938e-01,1.526333764195442200e-02
6.975864768028259277e-01,2.908785268664360046e-02
6.949374675750732422e-01,-8.371675387024879456e-03
7.028993368148803711e-01,-2.512322738766670227e-02
6.965323090553283691e-01,-9.793185628950595856e-03
6.950827240943908691e-01,-4.001992940902709961e-02
7.008650302886962891e-01,-9.713062085211277008e-03
7.000415325164794922e-01,-7.478727400302886963e-02
6.984640359878540039e-01,6.965511478483676910e-03
6.980867981910705566e-01,-4.920813441276550293e-02
5.000000000000000000e-01,-1.596976265574811427e+00
7.045985460281372070e-01,1.127359196543693542e-01
7.041794657707214355e-01,1.630144119262695312e-01
7.053861618041992188e-01,2.169175893068313599e-01
7.035176753997802734e-01,1.017009243369102478e-01
6.985663175582885742e-01,9.355318546295166016e-02
6.938340067863464355e-01,1.126874238252639771e-02
6.990554928779602051e-01,5.389914661645889282e-02
7.000877261161804199e-01,3.526591882109642029e-02
6.982133984565734863e-01,4.668007045984268188e-02
6.998441219329833984e-01,8.843809366226196289e-02
7.005359530448913574e-01,9.563934803009033203e-02
7.049490809440612793e-01,1.223237216472625732e-01
6.994104385375976562e-01,2.850847840309143066e-01
6.915737986564636230e-01,1.369691342115402222e-01
6.996726393699645996e-01,4.831104725599288940e-02
6.975148320198059082e-01,-1.205322146415710449e-02
7.004900574684143066e-01,4.499529674649238586e-02
6.994011998176574707e-01,3.038261830806732178e-02
7.011173963546752930e-01,-2.442009863443672657e-04
7.021839022636413574e-01,2.698232792317867279e-02
6.988259553909301758e-01,3.728683292865753174e-02
7.023326754570007324e-01,3.410523384809494019e-02
7.049859166145324707e-01,8.764521777629852295e-02
6.967948675155639648e-01,8.929071947932243347e-03
6.958920359611511230e-01,9.607094340026378632e-03
6.989637017250061035e-01,-4.855371546000242233e-03
7.000912427902221680e-01,1.937273330986499786e-02
7.027334570884704590e-01,9.584442712366580963e-03
6.972115039825439453e-01,-7.371211424469947815e-03
6.977229714393615723e-01,1.317457202821969986e-02
5.000000000000000000e-01,-1.596976265574811427e+00
6.988517045974731445e-01,1.971082538366317749e-01
7.022807598114013672e-01,1.235289201140403748e-01
7.020330429077148438e-01,1.210000440478324890e-01
6.949959397315979004e-01,-1.119332388043403625e-02
6.998761296272277832e-01,1.015925258398056030e-01
6.957634091377258301e-01,6.244101002812385559e-02
7.021277546882629395e-01,4.583660140633583069e-02
7.017819285392761230e-01,1.987377367913722992e-02
6.994673013687133789e-01,-2.274996513733640313e-04
7.025705575942993164e-01,3.624653036240488291e-04
7.035143971443176270e-01,6.029656156897544861e-03
6.954432725906372070e-01,-2.314678579568862915e-02
7.014054656028747559e-01,8.975907415151596069e-02
6.980284452438354492e-01,-2.547400631010532379e-02
6.948909163475036621e-01,3.764049336314201355e-02
6.994653940200805664e-01,2.578078396618366241e-02
6.990185379981994629e-01,5.950326845049858093e-02
6.960383653640747070e-01,4.111360386013984680e-02
6.982850432395935059e-01,-9.204775094985961914e-03
7.016845345497131348e-01,7.886209338903427124e-02
6.950033307075500488e-01,-3.104115091264247894e-02
6.990994811058044434e-01,-1.580524817109107971e-02
6.948261260986328125e-01,4.038674384355545044e-02
6.959350705146789551e-01,5.024405568838119507e-02
6.970775127410888672e-01,8.610101044178009033e-02
6.965878605842590332e-01,1.109423935413360596e-01
7.009270787239074707e-01,2.458964847028255463e-02
6.982662081718444824e-01,1.150606870651245117e-01
7.009229660034179688e-01,2.153076380491256714e-01
7.037103772163391113e-01,9.179287403821945190e-02
5.000000000000000000e-01,-1.596976265574811427e+00
7.001349925994873047e-01,3.501381874084472656e-01
7.003631591796875000e-01,1.492383778095245361e-01
7.061554193496704102e-01,3.150700926780700684e-01
6.987066864967346191e-01,1.235709860920906067e-01
7.000819444656372070e-01,1.620621234178543091e-01
7.038874030113220215e-01,6.430853158235549927e-02
6.989620327949523926e-01,4.006865620613098145e-02
6.978692412376403809e-01,6.523639708757400513e-02
6.941817402839660645e-01,1.638873517513275146e-01
7.035203576087951660e-01,1.162689849734306335e-01
7.062838673591613770e-01,3.611869513988494873e-01
6.973227858543395996e-01,-1.602650736458599567e-03
6.984888315200805664e-01,1.698037050664424896e-02
6.976743340492248535e-01,2.041739784181118011e-02
6.982894539833068848e-01,-2.342092432081699371e-02
6.963922381401062012e-01,-5.780066177248954773e-02
6.976825594902038574e-01,-2.739520976319909096e-03
6.978334188461303711e-01,5.110962688922882080e-02
6.966165900230407715e-01,6.697522103786468506e-02
6.952842473983764648e-01,1.624829135835170746e-02
6.949131488800048828e-01,-4.164914414286613464e-02
6.944041848182678223e-01,1.211633626371622086e-02
6.991534233093261719e-01,3.231191774830222130e-03
6.992195248603820801e-01,4.330478608608245850e-02
6.994009613990783691e-01,6.433031708002090454e-02
6.978134512901306152e-01,3.516207635402679443e-02
6.971617341041564941e-01,-3.920518979430198669e-02
6.967304944992065430e-01,6.169178336858749390e-02
7.001891136169433594e-01,8.373801410198211670e-02
6.986977458000183105e-01,-3.930386528372764587e-02
5.000000000000000000e-01,-1.596976265574811427e+00
7.022635936737060547e-01,3.220648691058158875e-02
7.010731101036071777e-01,9.576826542615890503e-02
7.006241083145141602e-01,7.111100107431411743e-02
7.020067572593688965e-01,4.918350651860237122e-02
7.026154398918151855e-01,3.783936426043510437e-02
7.022765874862670898e-01,6.329638417810201645e-03
6.991731524467468262e-01,-4.324647597968578339e-03
7.019822001457214355e-01,5.322998389601707458e-02
6.983391046524047852e-01,3.108426555991172791e-02
7.027805447578430176e-01,8.612108975648880005e-02
6.955464482307434082e-01,2.629938721656799316e-02
6.966821551322937012e-01,3.783089295029640198e-02
6.998867392539978027e-01,7.063895463943481445e-02
6.978985071182250977e-01,4.539467766880989075e-02
6.972916126251220703e-01,3.387589380145072937e-02
7.009921073913574219e-01,-4.026520997285842896e-02
6.990308761596679688e-01,-5.620431527495384216e-02
6.990525126457214355e-01,3.558845818042755127e-02
6.960558891296386719e-01,-1.004432048648595810e-02
6.972761750221252441e-01,2.612494304776191711e-02
6.964704394340515137e-01,1.035084202885627747e-02
6.985254883766174316e-01,1.201997790485620499e-02
6.961591839790344238e-01,-3.147962316870689392e-02
6.938212513923645020e-01,2.760560438036918640e-02
7.016032338142395020e-01,1.963331922888755798e-02
6.991025805473327637e-01,-2.230643853545188904e-02
7.016065120697021484e-01,-4.750038683414459229e-02
6.994851827621459961e-01,4.693880304694175720e-02
6.984828114509582520e-01,3.793100826442241669e-03
6.954065561294555664e-01,3.457335289567708969e-03
5.000000000000000000e-01,-1.596976265574811427e+00
7.034493684768676758e-01,9.918088465929031372e-02
7.007469534873962402e-01,1.044831573963165283e-01
7.013265490531921387e-01,8.379513025283813477e-02
6.998179554939270020e-01,8.845441043376922607e-02
6.967068910598754883e-01,3.502610325813293457e-02
7.020636200904846191e-01,1.067049577832221985e-01
6.976018548011779785e-01,2.727002464234828949e-02
7.006520628929138184e-01,9.319572895765304565e-02
6.943210959434509277e-01,8.343306928873062134e-02
7.067348361015319824e-01,6.376136094331741333e-02
7.015533447265625000e-01,1.378551777452230453e-02
7.020257711410522461e-01,9.749089926481246948e-02
6.986320018768310547e-01,1.055270358920097351e-01
7.005675435066223145e-01,2.849420309066772461e-01
6.858026385307312012e-01,6.167240813374519348e-02
6.960094571113586426e-01,7.597507536411285400e-02
7.003027200698852539e-01,1.004771739244461060e-01
6.950598955154418945e-01,3.431518003344535828e-02
6.970833539962768555e-01,1.519893705844879150e-01
7.006869912147521973e-01,-8.296450600028038025e-03
6.978770494461059570e-01,6.738252192735671997e-02
6.963430047035217285e-01,-1.875954185379669070e-04
7.018815875053405762e-01,-1.711423508822917938e-02
7.004887461662292480e-01,1.128430478274822235e-03
6.999966502189636230e-01,5.141172558069229126e-03
7.004839777946472168e-01,5.672803893685340881e-02
7.036983370780944824e-01,4.487740993499755859e-02
6.987521648406982422e-01,1.055383495986461639e-02
6.978724598884582520e-01,-3.296644240617752075e-02
6.993167400360107422e-01,-2.087627910077571869e-02
5.000000000000000000e-01,-1.596976265574811427e+00
7.031001448631286621e-01,1.742814332246780396e-01
7.063995003700256348e-01,1.981245279312133789e-01
6.992484927177429199e-01,1.411152631044387817e-01
7.007443904876708984e-01,2.046212852001190186e-01
6.976547837257385254e-01,5.376784503459930420e-02
7.008907198905944824e-01,1.113827601075172424e-01
6.990605592727661133e-01,-6.080979947000741959e-03
7.019644975662231445e-01,4.136437550187110901e-02
6.964320540428161621e-01,5.590913817286491394e-02
7.017146348953247070e-01,1.590085625648498535e-01
6.965402960777282715e-01,2.962540388107299805e-01
6.966542601585388184e-01,1.794893890619277954e-01
6.998443007469177246e-01,5.528482422232627869e-02
7.017571926116943359e-01,1.141490936279296875e-01
6.948969960212707520e-01,4.917141795158386230e-02
6.973046064376831055e-01,1.292491052299737930e-02
6.960541009902954102e-01,1.957191899418830872e-02
6.954783201217651367e-01,2.271867170929908752e-02
6.985836625099182129e-01,-3.854203969240188599e-02
6.978273391723632812e-01,-5.157726258039474487e-02
6.939910650253295898e-01,1.095130015164613724e-02
6.997042298316955566e-01,2.782336622476577759e-02
6.979545354843139648e-01,4.170187562704086304e-02
6.945264935493469238e-01,4.456067457795143127e-02
6.983872056007385254e-01,-2.083474583923816681e-02
6.926301121711730957e-01,4.495685175061225891e-02
6.904592514038085938e-01,-6.001031491905450821e-03
7.001698017120361328e-01,8.525048941373825073e-02
7.037751078605651855e-01,-2.762578427791595459e-02
7.001347541809082031e-01,2.935208939015865326e-02
5.000000000000000000e-01,-1.596976265574811427e+00
6.989097595214843750e-01,4.472748935222625732e-02
7.002832293510437012e-01,8.678556233644485474e-02
6.967226266860961914e-01,5.166614800691604614e-02
6.956543326377868652e-01,7.854551076889038086e-02
6.937608718872070312e-01,8.109770715236663818e-02
6.992228627204895020e-01,1.081183776259422302e-01
6.988419294357299805e-01,3.947454690933227539e-02
6.907599568367004395e-01,7.083585113286972046e-02
7.008906602859497070e-01,9.466381371021270752e-02
7.001078724861145020e-01,4.597093909978866577e-02
6.998002529144287109e-01,3.753081336617469788e-02
6.990448236465454102e-01,8.164986968040466309e-02
6.978977322578430176e-01,4.444400314241647720e-03
6.995556354522705078e-01,4.629676043987274170e-02
7.020896077156066895e-01,2.434265427291393280e-02
7.018211483955383301e-01,-1.393600646406412125e-02
7.009189724922180176e-01,4.861768335103988647e-02
7.014843225479125977e-01,-1.195579767227172852e-02
7.007911205291748047e-01,4.007532447576522827e-02
6.988938450813293457e-01,6.719803065061569214e-02
7.009803652763366699e-01,4.854482412338256836e-02
6.962031722068786621e-01,2.060239389538764954e-02
6.971255540847778320e-01,-4.265511035919189453e-02
6.971517801284790039e-01,1.481633819639682770e-02
6.979341506958007812e-01,-2.242213301360607147e-02
6.995118856430053711e-01,1.268024928867816925e-02
6.970066428184509277e-01,-1.996167376637458801e-02
6.985629796981811523e-01,-9.979913942515850067e-03
7.005757689476013184e-01,1.197084039449691772e-02
6.999515891075134277e-01,-4.250290617346763611e-02
5.000000000000000000e-01,-1.596976265574811427e+00
7.012083530426025391e-01,1.756534576416015625e-01
7.000793218612670898e-01,1.617148965597152710e-01
7.039205431938171387e-01,1.768084764480590820e-01
6.997925043106079102e-01,8.002807945013046265e-02
7.003265023231506348e-01,5.592207983136177063e-02
6.958934068679809570e-01,4.005619511008262634e-02
6.994298100471496582e-01,1.303353998810052872e-02
6.988887786865234375e-01,3.847907111048698425e-02
7.010678052902221680e-01,3.008009493350982666e-02
7.016646265983581543e-01,6.910023838281631470e-02
7.006990909576416016e-01,-2.856878750026226044e-02
7.009951472282409668e-01,8.280611783266067505e-02
7.015499472618103027e-01,4.995248094201087952e-02
6.995478868484497070e-01,2.266237698495388031e-02
6.942119002342224121e-01,1.519297342747449875e-02
6.979178190231323242e-01,3.895418951287865639e-03
6.951851844787597656e-01,4.468300938606262207e-02
7.007929086685180664e-01,1.619732938706874847e-02
6.979296207427978516e-01,2.363238669931888580e-02
6.986654996871948242e-01,2.260563522577285767e-02
6.991686224937438965e-01,9.234303981065750122e-02
6.960420608520507812e-01,2.051709964871406555e-02
6.961795091629028320e-01,3.239941969513893127e-02
6.953528523445129395e-01,3.855562210083007812e-02
6.938398480415344238e-01,8.467276394367218018e-02
6.986184716224670410e-01,4.954619705677032471e-02
7.012224197387695312e-01,4.154264461249113083e-03
7.029521465301513672e-01,1.446170173585414886e-02
6.991685032844543457e-01,-1.854511722922325134e-02
7.028665542602539062e-01,5.640080198645591736e-02
5.000000000000000000e-01,-1.596976265574811427e+00
7.063955664634704590e-01,2.186136841773986816e-01
7.087518572807312012e-01,2.977272272109985352e-01
7.053096890449523926e-01,2.478046864271163940e-01
7.055954337120056152e-01,4.981253147125244141e-01
7.067848443984985352e-01,2.717358171939849854e-01
7.052209973335266113e-01,4.544700384140014648e-01
7.074154615402221680e-01,2.747221291065216064e-01
7.006508708000183105e-01,2.559376060962677002e-01
6.985214352607727051e-01,2.125534787774085999e-02
7.031261920928955078e-01,1.706871241331100464e-01
6.971526145935058594e-01,-6.784772872924804688e-02
6.953821778297424316e-01,2.110644057393074036e-02
7.009028196334838867e-01,2.248071134090423584e-01
6.992480158805847168e-01,9.248484671115875244e-02
6.978127956390380859e-01,8.277690410614013672e-02
6.969265341758728027e-01,-5.093272402882575989e-02
7.010539174079895020e-01,1.114610675722360611e-02
6.969528794288635254e-01,-3.085696697235107422e-02
6.961584091186523438e-01,-8.277638815343379974e-03
6.967312693595886230e-01,-3.681680932641029358e-02
7.006882429122924805e-01,-4.107582196593284607e-02
6.959162950515747070e-01,-5.072456598281860352e-02
6.900017857551574707e-01,-9.922447614371776581e-03
6.985527276992797852e-01,-3.488567471504211426e-02
6.945874691009521484e-01,-7.754337042570114136e-02
6.961967349052429199e-01,-6.570662558078765869e-02
6.961698532104492188e-01,-1.041843965649604797e-01
6.932680606842041016e-01,-5.854446813464164734e-02
6.952397227287292480e-01,-2.515672892332077026e-02
6.974129676818847656e-01,1.980116218328475952e-02
5.000000000000000000e-01,-1.596976265574811427e+00
7.002916336059570312e-01,3.265578672289848328e-02
7.038655877113342285e-01,2.531755343079566956e-02
7.040510773658752441e-01,4.507377371191978455e-02
7.000140547752380371e-01,4.457813873887062073e-02
6.982578635215759277e-01,2.302912808954715729e-02
6.989786028861999512e-01,-4.473909735679626465e-03
7.023528218269348145e-01,4.185609519481658936e-02
6.973982453346252441e-01,2.994207106530666351e-02
7.003153562545776367e-01,5.882613733410835266e-02
6.957169771194458008e-01,6.426514685153961182e-02
6.987777948379516602e-01,-1.803600462153553963e-03
6.972010731697082520e-01,3.912361338734626770e-02
6.984686255455017090e-01,2.390354638919234276e-03
7.003823518753051758e-01,9.627518057823181152e-02
6.984510421752929688e-01,2.064609527587890625e-02
6.988227367401123047e-01,1.270298473536968231e-02
7.009185552597045898e-01,2.366402372717857361e-02
7.007554769515991211e-01,3.262491372879594564e-04
7.000786066055297852e-01,-3.062194027006626129e-02
7.009527087211608887e-01,5.480333045125007629e-02
6.966469287872314453e-01,-1.192554831504821777e-02
6.927432417869567871e-01,7.391247898340225220e-02
6.997428536415100098e-01,-8.929671347141265869e-02
6.978954076766967773e-01,8.016326464712619781e-03
6.947870254516601562e-01,1.193444151431322098e-02
6.941062211990356445e-01,2.326758658455219120e-05
6.948027610778808594e-01,2.825832366943359375e-02
6.970633864402770996e-01,1.753638312220573425e-02
7.041068077087402344e-01,3.570999950170516968e-02
6.972798109054565430e-01,-2.839595079421997070e-02
5.000000000000000000e-01,-1.596976265574811427e+00
7.016682624816894531e-01,1.363855451345443726e-01
7.068651318550109863e-01,1.407730132341384888e-01
6.983057856559753418e-01,1.309620589017868042e-01
7.002407312393188477e-01,8.203210681676864624e-02
7.014520168304443359e-01,6.996896117925643921e-02
6.994473338127136230e-01,1.115608364343643188e-01
6.975525617599487305e-01,7.108243554830551147e-02
6.992380619049072266e-01,1.223033517599105835e-01
6.998009085655212402e-01,1.156156212091445923e-01
7.010750770568847656e-01,3.070964515209197998e-01
7.032086253166198730e-01,1.553151607513427734e-01
7.013404965400695801e-01,1.159145012497901917e-01
7.017669677734375000e-01,2.409903332591056824e-02
7.011721730232238770e-01,6.015984341502189636e-02
6.980892419815063477e-01,6.020816788077354431e-02
6.993974447250366211e-01,-6.735038943588733673e-03
6.970970034599304199e-01,4.904440790414810181e-02
6.983288526535034180e-01,5.079459026455879211e-02
6.990394592285156250e-01,3.517814725637435913e-02
7.010741233825683594e-01,7.065664976835250854e-02
7.004804015159606934e-01,9.263826906681060791e-02
6.973118782043457031e-01,2.957338653504848480e-02
6.989872455596923828e-01,-3.404382616281509399e-03
6.957968473434448242e-01,-3.742701187729835510e-02
6.958259344100952148e-01,3.261039778590202332e-02
6.920105218887329102e-01,1.545523945242166519e-02
7.003235220909118652e-01,3.539016470313072205e-03
7.054617404937744141e-01,3.487005457282066345e-02
6.917171478271484375e-01,4.553856328129768372e-02
6.943144202232360840e-01,4.962542280554771423e-02
5.000000000000000000e-01,-1.596976265574811427e+00
6.973043084144592285e-01,1.487247943878173828e-01
6.997175216674804688e-01,9.655771404504776001e-02
6.996166706085205078e-01,2.682895958423614502e-01
6.940959095954895020e-01,7.578444480895996094e-02
6.973407864570617676e-01,1.074106693267822266e-01
7.009836435317993164e-01,3.051385842263698578e-02
7.012081146240234375e-01,7.204220443964004517e-02
6.976267099380493164e-01,8.161353319883346558e-02
7.038674950599670410e-01,6.546621024608612061e-02
6.993866562843322754e-01,4.399305209517478943e-02
6.970970034599304199e-01,6.116670742630958557e-02
7.031781077384948730e-01,9.206289798021316528e-02
6.998572945594787598e-01,2.950122766196727753e-02
7.014042735099792480e-01,3.042146191000938416e-02
7.003616094589233398e-01,7.489363849163055420e-02
6.973816752433776855e-01,2.987774461507797241e-02
7.004651427268981934e-01,6.594191491603851318e-02
6.997473835945129395e-01,3.425449877977371216e-02
6.997091174125671387e-01,3.515099640935659409e-03
6.973805427551269531e-01,-4.551750048995018005e-02
6.969143748283386230e-01,2.146185562014579773e-02
6.929125189781188965e-01,4.576820135116577148e-02
7.011254429817199707e-01,-1.565989665687084198e-02
6.975169777870178223e-01,-4.823367111384868622e-03
6.947109699249267578e-01,-4.963982384651899338e-03
6.979266405105590820e-01,2.350241132080554962e-02
6.952459216117858887e-01,4.072299227118492126e-02
6.995971798896789551e-01,-1.486467868089675903e-01
7.013683319091796875e-01,-2.570460736751556396e-02
6.964000463485717773e-01,-6.690210662782192230e-03
5.000000000000000000e-01,-1.596976265574811427e+00
7.046058177947998047e-01,7.995352894067764282e-02
7.016264200210571289e-01,1.338805705308914185e-01
6.996120810508728027e-01,1.042744889855384827e-01
6.958566308021545410e-01,4.568513482809066772e-02
7.003902196884155273e-01,2.928439714014530182e-02
7.029969096183776855e-01,1.531916856765747070e-01
6.987422108650207520e-01,9.371785074472427368e-02
7.023695707321166992e-01,6.864228099584579468e-02
6.956893801689147949e-01,7.982982695102691650e-02
6.968487501144409180e-01,1.272417008876800537e-01
7.038221359252929688e-01,1.353380829095840454e-01
6.971478462219238281e-01,4.732459411025047302e-02
6.971088647842407227e-01,3.195766359567642212e-02
6.878075003623962402e-01,7.125268876552581787e-02
6.945313811302185059e-01,9.005779772996902466e-02
6.989615559577941895e-01,1.079010143876075745e-01
6.997330784797668457e-01,7.907635718584060669e-02
6.999719142913818359e-01,3.311477228999137878e-02
6.980708837509155273e-01,9.216042608022689819e-02
7.002455592155456543e-01,4.779144376516342163e-02
7.005189657211303711e-01,9.369364380836486816e-02
7.009757757186889648e-01,1.015535667538642883e-01
6.959949731826782227e-01,-1.438306272029876709e-02
6.971690654754638672e-01,8.404735475778579712e-02
6.966478228569030762e-01,-1.787646673619747162e-02
7.009171247482299805e-01,8.271560072898864746e-03
7.004591822624206543e-01,-4.618204012513160706e-02
7.035831809043884277e-01,-1.772474311292171478e-02
6.978289484977722168e-01,5.554726347327232361e-03
7.032638192176818848e-01,6.124662980437278748e-02
5.000000000000000000e-01,-1.596976265574811427e+00
7.010965347290039062e-01,5.097647756338119507e-02
6.963714957237243652e-01,9.244187176227569580e-02
7.024512887001037598e-01,6.123627349734306335e-02
7.035506367683410645e-01,1.077048555016517639e-01
6.952986717224121094e-01,4.773182794451713562e-02
6.958234310150146484e-01,8.348257839679718018e-02
7.034054398536682129e-01,5.075100064277648926e-02
6.995835304260253906e-01,4.963164031505584717e-02
6.989898681640625000e-01,4.916149750351905823e-02
6.986631155014038086e-01,5.764397233724594116e-02
6.996184587478637695e-01,1.340266466140747070e-01
7.065201401710510254e-01,2.060519456863403320e-01
7.032790780067443848e-01,7.871360331773757935e-02
7.020547389984130859e-01,2.206053584814071655e-01
6.995412111282348633e-01,1.479564514011144638e-02
7.008575797080993652e-01,2.529511228203773499e-02
6.998993754386901855e-01,3.626474738121032715e-02
6.986943483352661133e-01,5.579527094960212708e-02
7.003569602966308594e-01,7.358414679765701294e-02
6.978005170822143555e-01,5.005462840199470520e-02
6.928071975708007812e-01,5.581476166844367981e-02
7.049677968025207520e-01,4.186069592833518982e-02
6.944333910942077637e-01,-1.894386671483516693e-02
6.939789056777954102e-01,-1.457849703729152679e-02
7.006427049636840820e-01,-8.460943354293704033e-04
6.993854641914367676e-01,1.022756099700927734e-01
6.944992542266845703e-01,4.332239180803298950e-02
6.947622299194335938e-01,3.855136781930923462e-02
7.018347382545471191e-01,6.277514994144439697e-02
7.021733522415161133e-01,2.958979271352291107e-02
5.000000000000000000e-01,-1.596976265574811427e+00
6.975590586662292480e-01,2.950792759656906128e-02
6.986850500106811523e-01,9.906013309955596924e-02
6.971376538276672363e-01,7.610129565000534058e-02
6.934622526168823242e-01,1.155140399932861328e-01
6.983987092971801758e-01,7.919871807098388672e-02
6.966007947921752930e-01,1.155182421207427979e-01
6.967574954032897949e-01,8.674032986164093018e-03
6.962541937828063965e-01,4.424465820193290710e-02
7.025519609451293945e-01,5.891929194331169128e-02
6.989654302597045898e-01,6.485860049724578857e-02
6.996350884437561035e-01,7.005178183317184448e-02
7.060286402702331543e-01,7.017526775598526001e-02
6.997240185737609863e-01,5.142362415790557861e-02
6.992393136024475098e-01,1.013725474476814270e-01
6.992758512496948242e-01,3.974569588899612427e-02
6.960794329643249512e-01,3.974048793315887451e-02
6.953435540199279785e-01,4.489318653941154480e-02
6.905298233032226562e-01,-3.567864000797271729e-02
6.941256523132324219e-01,3.186261281371116638e-02
6.994200944900512695e-01,-6.468256562948226929e-02
6.947088837623596191e-01,4.055884480476379395e-02
6.951757073402404785e-01,2.764808386564254761e-02
7.003501653671264648e-01,-8.536218956578522921e-05
6.968429088592529297e-01,-1.354366261512041092e-02
6.977797746658325195e-01,-4.277246445417404175e-02
6.975345015525817871e-01,3.119332832284271717e-04
6.983097791671752930e-01,-1.398814097046852112e-02
7.013561725616455078e-01,-3.370372951030731201e-02
6.983334422111511230e-01,-3.949868306517601013e-02
7.005648016929626465e-01,-5.005421862006187439e-02
5.000000000000000000e-01,-1.596976265574811427e+00
7.033731937408447266e-01,5.742736160755157471e-02
6.937392950057983398e-01,1.841341853141784668e-01
7.024244070053100586e-01,1.617053002119064331e-01
7.016892433166503906e-01,1.076695695519447327e-01
6.955720186233520508e-01,5.839110165834426880e-02
6.952676773071289062e-01,3.735233470797538757e-02
7.000418305397033691e-01,9.961340576410293579e-02
7.023560404777526855e-01,2.280816622078418732e-02
6.997615098953247070e-01,4.072984308004379272e-02
6.977404952049255371e-01,6.805747002363204956e-02
6.973576545715332031e-01,3.721525147557258606e-02
6.960631012916564941e-01,8.080361783504486084e-02
6.969664096832275391e-01,1.630591601133346558e-01
7.054536938667297363e-01,2.231646925210952759e-01
6.936647295951843262e-01,6.194451823830604553e-02
6.997091174125671387e-01,2.417471706867218018e-01
7.003666758537292480e-01,4.551253467798233032e-02
7.007417678833007812e-01,3.541196137666702271e-02
7.015710473060607910e-01,1.455571036785840988e-02
7.002485394477844238e-01,3.275930136442184448e-02
6.996828913688659668e-01,6.838212907314300537e-02
6.983144283294677734e-01,9.391142427921295166e-02
6.982314586639404297e-01,6.644912809133529663e-02
6.995702385902404785e-01,7.942003011703491211e-02
6.995683312416076660e-01,-5.932344123721122742e-03
7.006818652153015137e-01,4.406715184450149536e-02
6.989202499389648438e-01,1.178468167781829834e-01
7.012902498245239258e-01,1.697723381221294403e-02
6.998770236968994141e-01,-8.084178902208805084e-03
7.010147571563720703e-01,2.153618447482585907e-02
5.000000000000000000e-01,-1.596976265574811427e+00
6.975771784782409668e-01,6.316045671701431274e-02
7.000684142112731934e-01,1.702763140201568604e-01
6.967601180076599121e-01,7.562755793333053589e-02
6.971616744995117188e-01,1.444442868232727051e-01
7.005167007446289062e-01,5.075249820947647095e-02
7.005042433738708496e-01,1.385286301374435425e-01
7.008297443389892578e-01,6.267346441745758057e-02
6.987111568450927734e-01,1.795099489390850067e-02
7.012847065925598145e-01,2.915485575795173645e-02
6.995545029640197754e-01,4.596913233399391174e-02
7.027208209037780762e-01,7.658053934574127197e-02
6.983627676963806152e-01,7.284083962440490723e-02
7.012114524841308594e-01,3.797408938407897949e-02
6.990433931350708008e-01,3.628909960389137268e-02
6.939261555671691895e-01,4.812814667820930481e-02
6.951950788497924805e-01,6.140454113483428955e-02
7.002763748168945312e-01,2.888833545148372650e-02
7.041050791740417480e-01,1.818418130278587341e-02
6.955810189247131348e-01,3.854271769523620605e-02
6.990826725959777832e-01,-2.627376094460487366e-02
6.976920962333679199e-01,-1.094061136245727539e-02
7.000139355659484863e-01,-1.302573829889297485e-02
6.986270546913146973e-01,4.463465418666601181e-03
6.990349888801574707e-01,-4.522683843970298767e-02
6.961156129837036133e-01,-6.561064720153808594e-02
6.947634220123291016e-01,4.232425615191459656e-02
6.969415545463562012e-01,-5.786070972681045532e-02
6.960417628288269043e-01,1.821904443204402924e-02
6.923509240150451660e-01,-3.357511013746261597e-02
6.978979706764221191e-01,-2.038159593939781189e-02
5.000000000000000000e-01,-1.596976265574811427e+00
7.033090591430664062e-01,1.083543300628662109e-01
6.980336904525756836e-01,4.160119220614433289e-02
7.059267759323120117e-01,9.932563453912734985e-02
7.026655077934265137e-01,6.491851061582565308e-02
7.013421058654785156e-01,1.074240058660507202e-01
7.007370591163635254e-01,1.070720553398132324e-01
7.027714252471923828e-01,7.957828789949417114e-02
6.964690685272216797e-01,1.691243499517440796e-01
6.994543075561523438e-01,2.199273109436035156e-01
6.915770173072814941e-01,4.948627203702926636e-02
7.021023631095886230e-01,1.422157287597656250e-01
7.053627967834472656e-01,1.692481189966201782e-01
7.008801698684692383e-01,5.173527821898460388e-02
6.976132988929748535e-01,7.618875056505203247e-02
6.991535425186157227e-01,2.058104239404201508e-02
7.002493739128112793e-01,7.435532659292221069e-02
7.029415965080261230e-01,6.908772885799407959e-02
6.964476704597473145e-01,1.218271441757678986e-03
6.975665092468261719e-01,8.759126067161560059e-02
6.981447339057922363e-01,4.304803442209959030e-03
6.954634189605712891e-01,8.155591785907745361e-03
6.974318027496337891e-01,-2.371855266392230988e-02
7.006402611732482910e-01,-5.060557276010513306e-02
6.954878568649291992e-01,1.795036951079964638e-03
6.987040638923645020e-01,-1.791782118380069733e-02
6.984195113182067871e-01,-5.592629313468933105e-02
6.966168284416198730e-01,-3.395873680710792542e-02
6.992344856262207031e-01,1.163323502987623215e-02
6.954213380813598633e-01,-2.920078404713422060e-04
6.978597640991210938e-01,-1.709444634616374969e-02
5.000000000000000000e-01,-1.596976265574811427e+00
6.949833631515502930e-01,1.088925078511238098e-01
6.974899172782897949e-01,2.068933546543121338e-01
7.021036744117736816e-01,2.022801637649536133e-01
6.988642215728759766e-01,3.982832282781600952e-02
7.009917497634887695e-01,1.414892673492431641e-01
6.977064609527587891e-01,4.924823716282844543e-02
7.030483484268188477e-01,4.851774871349334717e-02
7.004661560058593750e-01,4.663288220763206482e-02
6.978601813316345215e-01,5.798274651169776917e-02
6.951611638069152832e-01,8.876592665910720825e-02
6.962022781372070312e-01,1.992180347442626953e-01
7.028907537460327148e-01,1.788713037967681885e-02
6.870291829109191895e-01,7.052432000637054443e-02
6.955437064170837402e-01,1.617368757724761963e-01
6.966297030448913574e-01,1.585513725876808167e-02
7.002175450325012207e-01,-1.623303815722465515e-02
7.010566592216491699e-01,9.410414099693298340e-02
6.997067928314208984e-01,9.261168539524078369e-03
6.984789371490478516e-01,2.191449329257011414e-02
6.996015310287475586e-01,4.397147521376609802e-02
7.005095481872558594e-01,8.777038753032684326e-02
7.021057009696960449e-01,4.258641973137855530e-02
7.002744674682617188e-01,3.833109512925148010e-02
6.981728076934814453e-01,2.363887429237365723e-02
6.974981427192687988e-01,4.910785704851150513e-03
6.920235753059387207e-01,8.997644763439893723e-04
6.973416209220886230e-01,-2.732551656663417816e-02
6.967444419860839844e-01,7.247737050056457520e-02
6.948602795600891113e-01,-2.733195014297962189e-02
6.956055760383605957e-01,1.451249606907367706e-02
5.000000000000000000e-01,-1.596976265574811427e+00
6.957554221153259277e-01,1.517749726772308350e-01
7.016549110412597656e-01,2.479235678911209106e-01
6.996964216232299805e-01,5.611600726842880249e-02
6.991444230079650879e-01,3.715179860591888428e-02
6.954036951065063477e-01,6.188043579459190369e-02
6.977355480194091797e-01,2.155872993171215057e-02
6.998388171195983887e-01,6.382752954959869385e-02
7.021358609199523926e-01,3.762396425008773804e-02
7.020285725593566895e-01,-1.094681024551391602e-02
7.026469707489013672e-01,5.316013470292091370e-02
6.991376280784606934e-01,5.234063719399273396e-04
6.985939741134643555e-01,3.098370693624019623e-02
7.004601359367370605e-01,1.307866186834871769e-03
6.964459419250488281e-01,8.945215493440628052e-03
6.958172321319580078e-01,-4.809348378330469131e-03
6.962037682533264160e-01,-3.034567274153232574e-02
6.982480287551879883e-01,1.277081072330474854e-01
6.934376358985900879e-01,2.052497304975986481e-02
6.971190571784973145e-01,-3.373923525214195251e-02
6.992253065109252930e-01,-1.257883384823799133e-02
6.944513320922851562e-01,4.131648316979408264e-02
6.934691667556762695e-01,5.687565729022026062e-02
6.965542435646057129e-01,5.046115443110466003e-02
6.962391138076782227e-01,1.166312769055366516e-01
6.978648304939270020e-01,4.137001559138298035e-02
7.009023427963256836e-01,3.004980646073818207e-02
6.972646713256835938e-01,5.575159192085266113e-02
7.000527977943420410e-01,1.474052369594573975e-01
6.961987614631652832e-01,3.330564200878143311e-01
7.070042490959167480e-01,1.815229654312133789e-01
5.000000000000000000e-01,-1.596976265574811427e+00
6.999260783195495605e-01,1.448412835597991943e-01
7.027440071105957031e-01,2.963093221187591553e-01
7.048873305320739746e-01,2.892675995826721191e-01
7.007915973663330078e-01,8.469907194375991821e-02
6.946222782135009766e-01,2.529782988131046295e-02
6.988713145256042480e-01,4.496840387582778931e-02
6.986981034278869629e-01,1.059326827526092529e-01
7.004316449165344238e-01,2.446542084217071533e-01
7.001361250877380371e-01,6.057366356253623962e-02
7.026881575584411621e-01,2.307688444852828979e-01
7.020378112792968750e-01,2.920576184988021851e-02
6.950732469558715820e-01,6.627281662076711655e-03
7.017930150032043457e-01,4.198191314935684204e-02
7.054650187492370605e-01,5.195522680878639221e-02
6.937118172645568848e-01,5.955870449542999268e-02
6.944206357002258301e-01,6.514801830053329468e-02
6.943305134773254395e-01,4.330765828490257263e-02
6.998462080955505371e-01,-4.141958802938461304e-02
7.020228505134582520e-01,6.812490522861480713e-02
6.979049444198608398e-01,5.161584913730621338e-02
6.994622349739074707e-01,6.156848371028900146e-02
7.004275918006896973e-01,-3.859214950352907181e-03
6.979584693908691406e-01,2.411420457065105438e-02
6.991742849349975586e-01,1.063820347189903259e-01
6.956448554992675781e-01,-1.730593480169773102e-02
6.977841258049011230e-01,-4.457750171422958374e-02
6.990041732788085938e-01,-4.537799209356307983e-02
6.967297792434692383e-01,-5.585299059748649597e-02
6.958627104759216309e-01,-9.353844076395034790e-02
6.983352899551391602e-01,-4.927498474717140198e-02
5.000000000000000000e-01,-1.596976265574811427e+00
6.977644562721252441e-01,5.832850560545921326e-02
6.985762119293212891e-01,1.388786453753709793e-02
7.017372250556945801e-01,6.458237767219543457e-02
6.998633146286010742e-01,1.125751286745071411e-01
6.955892443656921387e-01,2.570445090532302856e-02
7.013255357742309570e-01,4.297742247581481934e-02
7.023187875747680664e-01,1.510307472199201584e-02
7.043055295944213867e-01,7.413687556982040405e-02
6.960891485214233398e-01,1.258193235844373703e-02
6.989948749542236328e-01,7.906266301870346069e-02
6.973464488983154297e-01,-2.773677743971347809e-02
6.990538239479064941e-01,3.564485907554626465e-02
7.023727893829345703e-01,8.051647990942001343e-02
6.996810436248779297e-01,1.062044352293014526e-01
6.969693303108215332e-01,-3.152967616915702820e-02
7.042461037635803223e-01,4.061500355601310730e-02
7.005599141120910645e-01,-2.163709327578544617e-02
6.972842812538146973e-01,1.676931791007518768e-02
6.944773793220520020e-01,8.873125188983976841e-04
7.004120349884033203e-01,-1.299336366355419159e-02
7.007622718811035156e-01,4.015456885099411011e-02
7.007550001144409180e-01,-3.461160813458263874e-04
6.937226057052612305e-01,1.098570507019758224e-02
6.991419792175292969e-01,3.971806168556213379e-02
6.992837190628051758e-01,-7.708764169365167618e-03
7.001966238021850586e-01,7.391522638499736786e-03
7.009173631668090820e-01,-1.437469664961099625e-02
7.018321156501770020e-01,-8.451569825410842896e-03
7.002405524253845215e-01,-6.522823125123977661e-02
6.992018818855285645e-01,-3.541368246078491211e-02
5.000000000000000000e-01,-1.596976265574811427e+00
7.047337293624877930e-01,7.498019188642501831e-02
7.047169804573059082e-01,1.615819036960601807e-01
7.034463882446289062e-01,1.417475789785385132e-01
7.037390470504760742e-01,1.551802456378936768e-01
6.992775797843933105e-01,1.233908236026763916e-01
7.018357515335083008e-01,1.088090911507606506e-01
7.022625207901000977e-01,1.860244870185852051e-01
6.999377608299255371e-01,2.596464455127716064e-01
6.929287314414978027e-01,1.514596939086914062e-01
6.958718299865722656e-01,1.212854981422424316e-01
6.965389847755432129e-01,-3.045721910893917084e-03
7.010646462440490723e-01,4.970473051071166992e-02
7.012284994125366211e-01,5.057668313384056091e-02
7.005974650382995605e-01,4.971649497747421265e-02
6.996456980705261230e-01,3.703493252396583557e-02
6.961868405342102051e-01,1.453628484159708023e-02
6.981274485588073730e-01,4.127455502748489380e-02
6.995232105255126953e-01,6.109606102108955383e-02
6.996673941612243652e-01,3.000797703862190247e-02
6.970868110656738281e-01,5.327655747532844543e-02
7.032041549682617188e-01,1.000538393855094910e-01
6.941173672676086426e-01,-8.144554682075977325e-03
6.980081200599670410e-01,-5.144568532705307007e-02
6.999438405036926270e-01,3.531474247574806213e-02
6.971209645271301270e-01,-6.287666037678718567e-03
6.997625231742858887e-01,-2.485137432813644409e-02
7.008106112480163574e-01,-2.272616513073444366e-02
6.931269168853759766e-01,-1.242914516478776932e-02
6.984816789627075195e-01,1.157974172383546829e-02
6.965522170066833496e-01,-2.515205740928649902e-02
5.000000000000000000e-01,-1.596976265574811427e+00
7.042405009269714355e-01,1.553383469581604004e-01
7.019767165184020996e-01,2.238919138908386230e-01
7.025577425956726074e-01,1.210108697414398193e-01
6.962507367134094238e-01,2.944279462099075317e-02
6.996766924858093262e-01,5.136849731206893921e-02
6.992859244346618652e-01,9.465716779232025146e-02
6.954409480094909668e-01,4.884977638721466064e-02
7.002575993537902832e-01,3.780053555965423584e-02
6.973339915275573730e-01,9.357908368110656738e-02
7.015913724899291992e-01,6.136616319417953491e-02
6.987277865409851074e-01,1.414034366607666016e-01
7.043157219886779785e-01,3.030219972133636475e-01
7.060800194740295410e-01,1.898726671934127808e-01
7.003118395805358887e-01,7.857304066419601440e-02
7.022064924240112305e-01,-2.879070863127708435e-02
7.006657123565673828e-01,-7.051647175103425980e-03
6.973599195480346680e-01,3.470671921968460083e-02
7.002590894699096680e-01,6.833063066005706787e-02
7.013435363769531250e-01,7.654643058776855469e-02
6.928642988204956055e-01,4.435014724731445312e-02
7.000398635864257812e-01,7.162112742662429810e-02
6.973149180412292480e-01,-9.599516168236732483e-03
6.959640979766845703e-01,-4.946619644761085510e-02
6.970187425613403320e-01,-2.575437165796756744e-02
6.942625045776367188e-01,-4.773275181651115417e-02
6.998434066772460938e-01,-2.906313352286815643e-02
7.001482844352722168e-01,-3.899789601564407349e-02
6.962076425552368164e-01,1.805060356855392456e-02
6.965258121490478516e-01,-2.162894047796726227e-02
6.959768533706665039e-01,-1.385448593646287918e-02
5.000000000000000000e-01,-1.596976265574811427e+00
7.029334902763366699e-01,1.410550326108932495e-01
7.035869956016540527e-01,1.875448375940322876e-01
7.008371353149414062e-01,1.237977519631385803e-01
6.985197663307189941e-01,6.774411350488662720e-02
7.011870145797729492e-01,4.422201961278915405e-02
7.002993226051330566e-01,8.249500393867492676e-02
6.973536610603332520e-01,-3.625738248229026794e-02
6.961596608161926270e-01,7.837740331888198853e-02
6.948057413101196289e-01,4.660290107131004333e-02
7.004141807556152344e-01,7.487897574901580811e-02
7.007347941398620605e-01,2.411796152591705322e-02
7.000635862350463867e-01,5.626040324568748474e-02
6.989698410034179688e-01,1.089062169194221497e-01
7.028368115425109863e-01,2.103394269943237305e-01
6.954148411750793457e-01,7.713800668716430664e-02
7.005044817924499512e-01,1.019800230860710144e-01
6.942443251609802246e-01,6.553685665130615234e-02
7.003144025802612305e-01,1.493586599826812744e-01
6.967476010322570801e-01,3.663682192564010620e-02
7.007480859756469727e-01,2.177980169653892517e-02
7.010207176208496094e-01,7.190085202455520630e-02
7.000207901000976562e-01,5.016437545418739319e-02
6.999888420104980469e-01,-2.940565533936023712e-02
6.948843598365783691e-01,1.389854028820991516e-02
6.974569559097290039e-01,-1.327088102698326111e-02
6.947954297065734863e-01,-5.043450277298688889e-03
6.995678544044494629e-01,-1.326207816600799561e-02
7.019824981689453125e-01,7.912761718034744263e-02
7.028355598449707031e-01,-1.798407174646854401e-02
6.976740360260009766e-01,-9.797169826924800873e-03
5.000000000000000000e-01,-1.596976265574811427e+00
7.043328881263732910e-01,1.710771173238754272e-01
7.026451826095581055e-01,1.561950147151947021e-01
7.008324861526489258e-01,8.753649890422821045e-02
6.961598396301269531e-01,3.326908871531486511e-02
6.975541114807128906e-01,6.985532492399215698e-02
6.951618790626525879e-01,5.128044635057449341e-02
6.986036300659179688e-01,2.363387309014797211e-02
7.039843797683715820e-01,4.203649982810020447e-02
6.991440057754516602e-01,-2.029427699744701385e-02
6.979928016662597656e-01,6.066498346626758575e-03
7.003543376922607422e-01,-4.091958049684762955e-03
6.981528401374816895e-01,1.924883923493325710e-03
6.974697709083557129e-01,6.496368348598480225e-02
6.979783773422241211e-01,2.774784341454505920e-02
6.947748064994812012e-01,2.837204560637474060e-02
7.002092003822326660e-01,8.768924511969089508e-03
6.957744956016540527e-01,6.919930130243301392e-02
7.016895413398742676e-01,4.062324389815330505e-02
6.972900032997131348e-01,-3.686252608895301819e-02
6.997827291488647461e-01,5.192702636122703552e-03
6.976054310798645020e-01,-2.665029605850577354e-03
6.991901993751525879e-01,9.734307974576950073e-02
7.002592682838439941e-01,4.569496214389801025e-02
7.006139755249023438e-01,1.064032539725303650e-01
7.025359272956848145e-01,2.682831138372421265e-02
7.001495361328125000e-01,9.942114353179931641e-02
6.993871331214904785e-01,2.108678072690963745e-01
7.027322053909301758e-01,7.678180932998657227e-02
7.029241323471069336e-01,1.993744373321533203e-01
6.995428204536437988e-01,-1.604768820106983185e-02
5.000000000000000000e-01,-1.596976265574811427e+00
6.961461901664733887e-01,1.545330435037612915e-01
7.041215896606445312e-01,2.013039439916610718e-01
7.033060193061828613e-01,1.536118090152740479e-01
7.038769125938415527e-01,2.190163284540176392e-01
6.991378664970397949e-01,3.370389938354492188e-01
6.988833546638488770e-01,8.619221299886703491e-02
6.940255165100097656e-01,2.344623506069183350e-01
7.040966749191284180e-01,1.222503334283828735e-01
7.044489979743957520e-01,3.104861974716186523e-01
7.032118439674377441e-01,4.198089987039566040e-02
7.000252604484558105e-01,8.727933466434478760e-02
6.964250802993774414e-01,2.653467468917369843e-02
6.929557323455810547e-01,9.498837590217590332e-02
6.996772289276123047e-01,6.902811117470264435e-03
7.009745240211486816e-01,-3.554924204945564270e-02
7.045505046844482422e-01,6.796092540025711060e-02
6.954768300056457520e-01,6.970983743667602539e-02
6.911613941192626953e-01,1.076161414384841919e-01
7.042756080627441406e-01,4.891009628772735596e-02
6.994197368621826172e-01,-2.866459265351295471e-02
6.997198462486267090e-01,-4.328294843435287476e-02
6.983235478401184082e-01,-2.596922218799591064e-02
6.948260664939880371e-01,-5.702453479170799255e-02
6.997645497322082520e-01,-5.866725370287895203e-02
6.933194398880004883e-01,-2.348062954843044281e-02
6.938393115997314453e-01,-1.572291925549507141e-02
6.939983367919921875e-01,-9.819357842206954956e-02
6.928182244300842285e-01,-6.810674816370010376e-02
6.986210942268371582e-01,-9.511365741491317749e-02
6.993897557258605957e-01,-3.149234503507614136e-02
5.000000000000000000e-01,-1.596976265574811427e+00
7.033133506774902344e-01,3.162749484181404114e-02
7.010050415992736816e-01,6.620297580957412720e-02
7.024527192115783691e-01,6.078207865357398987e-02
6.971043348312377930e-01,1.098373904824256897e-01
7.011102437973022461e-01,2.975294552743434906e-02
6.954141259193420410e-01,-2.658389275893568993e-03
6.999598145484924316e-01,2.359914779663085938e-02
6.980069279670715332e-01,7.910809665918350220e-02
7.039836049079895020e-01,5.132608581334352493e-03
7.028642892837524414e-01,5.105909705162048340e-02
7.030707001686096191e-01,2.606713026762008667e-02
6.988082528114318848e-01,3.569281473755836487e-02
7.003737688064575195e-01,2.159180864691734314e-02
6.981485486030578613e-01,1.343689300119876862e-02
6.999120712280273438e-01,1.853509433567523956e-02
6.990100145339965820e-01,4.166448861360549927e-02
7.016186118125915527e-01,4.216928035020828247e-02
6.999938488006591797e-01,5.480322241783142090e-02
6.934067606925964355e-01,3.118536435067653656e-02
7.008813619613647461e-01,1.931909844279289246e-02
7.001587748527526855e-01,3.733493015170097351e-02
7.006493210792541504e-01,3.370890766382217407e-02
6.961721181869506836e-01,7.061208784580230713e-02
6.966157555580139160e-01,2.079548500478267670e-02
7.029951214790344238e-01,6.528998259454965591e-03
7.004724740982055664e-01,-1.926707103848457336e-02
7.038844227790832520e-01,-3.071607276797294617e-02
7.000356912612915039e-01,-5.296046286821365356e-02
7.036705017089843750e-01,3.404100984334945679e-02
6.950512528419494629e-01,-1.626999303698539734e-02
5.000000000000000000e-01,-1.596976265574811427e+00
7.041537165641784668e-01,1.150108575820922852e-01
7.006406188011169434e-01,1.179064363241195679e-01
7.051870226860046387e-01,9.609062969684600830e-02
7.017301917076110840e-01,8.431223779916763306e-02
7.062751054763793945e-01,1.119841337203979492e-01
7.024260759353637695e-01,1.275792121887207031e-01
6.962989568710327148e-01,7.975488901138305664e-02
6.974344253540039062e-01,5.276161804795265198e-02
6.955370306968688965e-01,3.059668652713298798e-02
7.036746144294738770e-01,3.652788465842604637e-03
6.988877654075622559e-01,2.253647707402706146e-02
7.027428746223449707e-01,5.662545189261436462e-02
7.007330656051635742e-01,1.048530265688896179e-01
6.975528001785278320e-01,-1.147093530744314194e-02
6.954563260078430176e-01,3.221204504370689392e-02
6.971225142478942871e-01,-1.084006018936634064e-02
6.969277858734130859e-01,1.358713861554861069e-02
7.021614909172058105e-01,6.235035881400108337e-02
6.985347270965576172e-01,6.984279304742813110e-02
6.978863477706909180e-01,5.296242982149124146e-02
6.957014799118041992e-01,2.200935222208499908e-02
6.941036581993103027e-01,4.802704602479934692e-02
6.982488632202148438e-01,2.590799331665039062e-02
6.991484761238098145e-01,6.725333631038665771e-02
6.957399249076843262e-01,1.099424660205841064e-01
6.992455124855041504e-01,4.406858980655670166e-02
7.056365013122558594e-01,1.131197088398039341e-03
6.995674967765808105e-01,4.540589824318885803e-02
6.974393725395202637e-01,-2.144604176282882690e-02
6.968367695808410645e-01,2.597413770854473114e-02
5.000000000000000000e-01,-1.596976265574811427e+00
7.041398882865905762e-01,1.838809400796890259e-01
7.035666704177856445e-01,2.232216149568557739e-01
7.026008367538452148e-01,2.019220441579818726e-01
7.001970410346984863e-01,5.361031293869018555e-01
7.054280042648315430e-01,1.913886517286300659e-01
7.002200484275817871e-01,3.134337067604064941e-01
7.040221095085144043e-01,1.173492744565010071e-01
7.008064389228820801e-01,2.030897438526153564e-01
6.970537900924682617e-01,2.295539975166320801e-01
6.968578696250915527e-01,1.010947376489639282e-01
7.030774950981140137e-01,2.919946908950805664e-01
7.000858187675476074e-01,8.541060984134674072e-02
7.017976641654968262e-01,1.073995381593704224e-01
6.920468211174011230e-01,2.907481603324413300e-02
7.027881145477294922e-01,8.044510334730148315e-02
6.999478936195373535e-01,1.528528239578008652e-02
6.946648359298706055e-01,1.722244173288345337e-02
7.022924423217773438e-01,1.367328763008117676e-01
7.045815587043762207e-01,8.497561328113079071e-03
6.996189355850219727e-01,1.935809105634689331e-02
6.998392343521118164e-01,-7.844765484333038330e-02
6.981688737869262695e-01,-2.756478823721408844e-02
6.951028704643249512e-01,-9.373556077480316162e-02
6.986514329910278320e-01,-2.874928526580333710e-02
6.962463855743408203e-01,2.181179262697696686e-02
6.939797997474670410e-01,-2.558223344385623932e-02
6.950981020927429199e-01,-3.687741607427597046e-02
6.948706507682800293e-01,7.684831973165273666e-03
7.019871473312377930e-01,-3.423516452312469482e-02
6.941217184066772461e-01,-1.540813408792018890e-02
5.000000000000000000e-01,-1.596976265574811427e+00
6.986476182937622070e-01,3.367192298173904419e-02
7.005015015602111816e-01,-1.688726060092449188e-02
7.017112374305725098e-01,6.044965982437133789e-02
6.939890980720520020e-01,-6.603491306304931641e-02
6.943104863166809082e-01,2.692798152565956116e-02
6.968899369239807129e-01,4.293334484100341797e-02
6.950075030326843262e-01,1.248515769839286804e-02
6.964048147201538086e-01,7.414896786212921143e-02
7.012127041816711426e-01,6.835434585809707642e-02
6.965960860252380371e-01,3.142536431550979614e-02
7.002935409545898438e-01,-1.669270731508731842e-02
6.998781561851501465e-01,-3.471529111266136169e-02
6.988108754158020020e-01,1.168118137866258621e-02
6.989951729774475098e-01,1.222554780542850494e-02
6.981992721557617188e-01,4.617217055056244135e-04
6.984594464302062988e-01,-1.142600644379854202e-02
6.985455155372619629e-01,3.318263590335845947e-02
6.995177268981933594e-01,-2.107670716941356659e-02
6.972306966781616211e-01,4.905173182487487793e-02
7.007288336753845215e-01,1.637545414268970490e-03
7.006846666336059570e-01,6.131476163864135742e-02
6.988915205001831055e-01,-2.351262792944908142e-02
6.990349888801574707e-01,7.232849299907684326e-02
6.997838616371154785e-01,-3.200301155447959900e-02
6.921698451042175293e-01,2.088308520615100861e-02
7.022836208343505859e-01,-4.035548865795135498e-02
7.010729908943176270e-01,-3.816061839461326599e-02
6.959114670753479004e-01,-4.025612026453018188e-03
6.967648863792419434e-01,4.071662947535514832e-02
6.965104341506958008e-01,8.983029983937740326e-03
5.000000000000000000e-01,-1.596976265574811427e+00
7.040891647338867188e-01,1.263065636157989502e-01
6.996729969978332520e-01,6.362160295248031616e-02
7.044475674629211426e-01,1.001229584217071533e-01
7.016728520393371582e-01,1.267446875572204590e-01
7.035625576972961426e-01,4.162455722689628601e-02
7.036283612251281738e-01,1.523361802101135254e-01
6.989337801933288574e-01,9.136806428432464600e-02
6.985968947410583496e-01,5.116634443402290344e-02
6.998706459999084473e-01,9.309476613998413086e-02
7.014043331146240234e-01,8.082821220159530640e-02
7.033083438873291016e-01,4.194101318717002869e-02
7.014353871345520020e-01,5.118036642670631409e-02
6.996427774429321289e-01,8.618820458650588989e-02
6.967603564262390137e-01,1.587844341993331909e-01
7.035409808158874512e-01,2.910677492618560791e-01
6.945743560791015625e-01,1.010921448469161987e-01
6.952121257781982422e-01,6.439016014337539673e-02
6.995351910591125488e-01,5.604709684848785400e-02
6.997934579849243164e-01,4.970156773924827576e-02
6.997026801109313965e-01,5.334325507283210754e-02
7.010723352432250977e-01,9.128192812204360962e-02
6.957632899284362793e-01,2.950146980583667755e-02
7.022492289543151855e-01,8.658285439014434814e-02
6.954577565193176270e-01,6.202373653650283813e-02
7.014704942703247070e-01,1.618366688489913940e-02
7.009522318840026855e-01,3.886358067393302917e-02
6.969458460807800293e-01,7.949118502438068390e-03
7.016758918762207031e-01,-3.795863687992095947e-02
6.959810256958007812e-01,-4.919100180268287659e-02
7.013715505599975586e-01,3.186008706688880920e-02
5.000000000000000000e-01,-1.596976265574811427e+00
7.012547850608825684e-01,1.954086124897003174e-01
6.973599195480346680e-01,1.127451844513416290e-02
6.969650387763977051e-01,1.292849481105804443e-01
6.960917711257934570e-01,1.833700761198997498e-02
7.009254097938537598e-01,5.412492901086807251e-02
6.968023777008056641e-01,7.037235051393508911e-02
6.963405013084411621e-01,-2.001029253005981445e-02
6.987810134887695312e-01,7.734337449073791504e-02
7.000961303710937500e-01,1.031349077820777893e-01
6.981657743453979492e-01,4.148076102137565613e-02
6.985387802124023438e-01,3.779099509119987488e-02
6.985409259796142578e-01,1.081141233444213867e-01
6.950663328170776367e-01,1.304537206888198853e-01
6.941647529602050781e-01,3.709387034177780151e-02
6.917958855628967285e-01,5.395255610346794128e-02
7.005662322044372559e-01,3.666658326983451843e-02
6.967098712921142578e-01,6.835551559925079346e-02
7.016382217407226562e-01,6.898626685142517090e-03
6.970071196556091309e-01,2.540998719632625580e-02
7.043505311012268066e-01,1.107168272137641907e-01
7.036031484603881836e-01,6.990154832601547241e-02
6.988070607185363770e-01,3.620006144046783447e-02
7.006300687789916992e-01,2.473114617168903351e-02
6.993439793586730957e-01,7.098674308508634567e-03
6.990441679954528809e-01,4.108731821179389954e-02
6.988185048103332520e-01,2.299694903194904327e-02
7.000927329063415527e-01,-3.714954107999801636e-02
6.958981156349182129e-01,-1.544079370796680450e-02
7.002231478691101074e-01,-2.762622945010662079e-02
6.959444284439086914e-01,-5.001622810959815979e-02
5.000000000000000000e-01,-1.596976265574811427e+00
6.953914165496826172e-01,1.481464058160781860e-01
7.039501667022705078e-01,1.642757207155227661e-01
7.071154713630676270e-01,1.484149396419525146e-01
7.090942263603210449e-01,3.012231588363647461e-01
6.997812986373901367e-01,1.265857368707656860e-01
6.974920034408569336e-01,1.203428134322166443e-01
7.013736367225646973e-01,6.442782934755086899e-03
6.980545520782470703e-01,4.505629464983940125e-02
6.953892707824707031e-01,8.076325058937072754e-02
6.999731659889221191e-01,1.806349903345108032e-01
6.984432339668273926e-01,2.043633908033370972e-01
7.047803997993469238e-01,3.190447092056274414e-01
7.033944725990295410e-01,7.551099359989166260e-02
6.981724500656127930e-01,2.992424182593822479e-02
6.982352733612060547e-01,7.468805462121963501e-02
6.984173655509948730e-01,-6.695837527513504028e-02
6.954138278961181641e-01,6.357362121343612671e-02
7.017760276794433594e-01,6.293726712465286255e-02
6.932916045188903809e-01,2.508689276874065399e-02
6.947216391563415527e-01,4.164961725473403931e-02
6.954438090324401855e-01,-9.066314250230789185e-02
6.976209282875061035e-01,-9.904810041189193726e-02
6.928709149360656738e-01,7.978673279285430908e-02
6.929743885993957520e-01,7.990282028913497925e-02
7.015981674194335938e-01,3.738386556506156921e-02
6.993873119354248047e-01,1.626441255211830139e-02
6.974087357521057129e-01,-1.730327494442462921e-02
6.975346207618713379e-01,1.692881621420383453e-02
6.957387924194335938e-01,6.893941015005111694e-02
6.965131163597106934e-01,3.210967779159545898e-02
5.000000000000000000e-01,-1.596976265574811427e+00
6.947370171546936035e-01,2.341394498944282532e-02
6.903820633888244629e-01,6.471488624811172485e-02
7.011276483535766602e-01,5.311905965209007263e-02
6.993702650070190430e-01,5.115448310971260071e-02
6.990559101104736328e-01,-1.609806437045335770e-03
7.000393271446228027e-01,2.824171073734760284e-02
7.029777765274047852e-01,2.243351750075817108e-02
7.006013989448547363e-01,7.247369736433029175e-02
7.014093995094299316e-01,1.338622439652681351e-02
7.010385990142822266e-01,7.407316565513610840e-02
6.974320411682128906e-01,9.276466444134712219e-03
6.970464587211608887e-01,9.316068887710571289e-02
6.998103260993957520e-01,3.845566883683204651e-02
6.986306905746459961e-01,8.316765725612640381e-02
7.018327116966247559e-01,3.500878810882568359e-02
6.991003751754760742e-01,2.047820575535297394e-02
6.963936686515808105e-01,1.153982710093259811e-02
6.987603306770324707e-01,1.088512875139713287e-02
6.999636292457580566e-01,-1.459105312824249268e-02
7.002187967300415039e-01,-3.213001415133476257e-02
7.004997134208679199e-01,7.327539473772048950e-02
6.974670290946960449e-01,3.603382781147956848e-02
6.932165622711181641e-01,1.527289580553770065e-02
6.985788345336914062e-01,-6.739693228155374527e-03
6.962776184082031250e-01,-5.246816435828804970e-04
6.957688331604003906e-01,-1.818651682697236538e-03
6.948971748352050781e-01,-4.423629492521286011e-02
6.947935819625854492e-01,-1.461003627628087997e-02
6.966806054115295410e-01,-4.844666272401809692e-02
7.033122777938842773e-01,7.041395455598831177e-02
5.000000000000000000e-01,-1.596976265574811427e+00
6.920211911201477051e-01,1.413220912218093872e-01
7.035285830497741699e-01,1.745010316371917725e-01
6.986269354820251465e-01,1.731593608856201172e-01
7.000431418418884277e-01,9.200198203325271606e-02
6.985014677047729492e-01,2.248520962893962860e-02
6.970285773277282715e-01,9.865922480821609497e-02
7.019317150115966797e-01,9.892879426479339600e-02
7.005832195281982422e-01,4.568800702691078186e-02
6.923203468322753906e-01,-4.034582059830427170e-03
7.000741958618164062e-01,6.150443479418754578e-02
7.003246545791625977e-01,-6.584629882127046585e-04
7.007434964179992676e-01,5.383688583970069885e-02
6.994838118553161621e-01,-7.871787995100021362e-03
7.010905146598815918e-01,3.200916200876235962e-02
6.986582875251770020e-01,3.100058436393737793e-02
6.978324651718139648e-01,6.512311846017837524e-02
6.967782974243164062e-01,8.050718903541564941e-02
6.986912488937377930e-01,1.245624795556068420e-01
7.003347873687744141e-01,6.620078533887863159e-02
7.028030753135681152e-01,2.325572669506072998e-01
7.012380361557006836e-01,3.565689548850059509e-02
6.979707479476928711e-01,4.341073706746101379e-02
6.956919431686401367e-01,1.060217991471290588e-01
6.996483802795410156e-01,1.473304182291030884e-01
6.993761062622070312e-01,2.461477555334568024e-02
6.963798403739929199e-01,4.403927177190780640e-02
6.973960399627685547e-01,-3.639532625675201416e-02
6.983111500740051270e-01,4.664857685565948486e-02
7.003288865089416504e-01,1.530825905501842499e-02
7.000330090522766113e-01,1.514341216534376144e-03
5.000000000000000000e-01,-1.596976265574811427e+00
6.986066699028015137e-01,1.581327021121978760e-01
7.117286324501037598e-01,1.532181352376937866e-01
7.052353620529174805e-01,2.011376917362213135e-01
6.957235336303710938e-01,9.312257915735244751e-02
6.957269310951232910e-01,1.832572221755981445e-01
7.033381462097167969e-01,4.181541875004768372e-02
7.048448324203491211e-01,7.962540723383426666e-03
7.002636790275573730e-01,7.439966499805450439e-02
7.011043429374694824e-01,4.237641394138336182e-02
6.896467208862304688e-01,1.815462857484817505e-01
6.993827223777770996e-01,1.003518328070640564e-01
6.979654431343078613e-01,2.207832485437393188e-01
7.007964849472045898e-01,2.938222698867321014e-02
7.003154158592224121e-01,5.213526636362075806e-02
6.996030807495117188e-01,6.638558954000473022e-02
7.015176415443420410e-01,2.268632873892784119e-02
6.975502371788024902e-01,7.063210010528564453e-02
6.974852085113525391e-01,4.917310178279876709e-02
6.932199597358703613e-01,2.733959071338176727e-02
6.960843205451965332e-01,-2.816343866288661957e-02
6.966449022293090820e-01,-1.502422429621219635e-02
6.992083787918090820e-01,9.261377155780792236e-02
6.948985457420349121e-01,6.452270597219467163e-02
6.916953325271606445e-01,7.288917154073715210e-02
7.023414969444274902e-01,1.759840548038482666e-02
6.991241574287414551e-01,-3.254042938351631165e-02
6.966943740844726562e-01,-1.561661600135266781e-03
6.997277140617370605e-01,1.875631511211395264e-02
6.956325173377990723e-01,7.789999991655349731e-02
6.969718933105468750e-01,7.928355783224105835e-02
5.000000000000000000e-01,-1.596976265574811427e+00
6.877976655960083008e-01,6.600070744752883911e-02
6.955028772354125977e-01,1.949400454759597778e-02
6.992038488388061523e-01,9.381718933582305908e-02
6.958061456680297852e-01,3.597599640488624573e-02
7.016878128051757812e-01,6.721905618906021118e-02
6.971547007560729980e-01,2.491765655577182770e-02
6.999351382255554199e-01,3.150117769837379456e-02
6.966991424560546875e-01,6.937414407730102539e-02
6.993201971054077148e-01,-1.755098439753055573e-02
7.020703554153442383e-01,1.050054803490638733e-01
7.001311182975769043e-01,9.154744446277618408e-02
7.015860676765441895e-01,5.947609618306159973e-02
7.023681998252868652e-01,3.984525799751281738e-02
6.995885372161865234e-01,6.010324880480766296e-02
6.953004002571105957e-01,2.941542770713567734e-03
6.977612376213073730e-01,-9.809303097426891327e-03
6.935592889785766602e-01,3.171711415052413940e-02
6.984866857528686523e-01,1.234058174304664135e-03
7.017734646797180176e-01,2.570812031626701355e-02
6.965818405151367188e-01,-6.874646991491317749e-02
6.996999382972717285e-01,-1.306386897340416908e-03
6.967752575874328613e-01,-8.465230464935302734e-03
6.914696097373962402e-01,4.895851016044616699e-03
6.960746049880981445e-01,-1.452470291405916214e-02
6.956458091735839844e-01,1.046808669343590736e-03
7.003734111785888672e-01,-4.133468866348266602e-02
6.996519565582275391e-01,-3.195960447192192078e-02
6.906166672706604004e-01,-4.545271396636962891e-03
6.943985819816589355e-01,2.310939831659197807e-03
6.995149254798889160e-01,1.073184423148632050e-02
5.000000000000000000e-01,-1.596976265574811427e+00
7.014170289039611816e-01,1.179209500551223755e-01
7.069587111473083496e-01,7.007703185081481934e-02
7.021282315254211426e-01,2.090154886245727539e-01
7.023925781250000000e-01,9.175532311201095581e-02
6.988911628723144531e-01,2.174263074994087219e-02
7.008975148200988770e-01,1.418824940919876099e-01
6.986442208290100098e-01,6.304338574409484863e-02
6.993040442466735840e-01,2.166489511728286743e-02
7.000375390052795410e-01,2.222616970539093018e-02
6.991242766380310059e-01,-2.399631775915622711e-03
6.984843611717224121e-01,1.128514260053634644e-01
6.964961290359497070e-01,5.668045207858085632e-02
6.993709206581115723e-01,1.954320073127746582e-02
6.926027536392211914e-01,5.356654897332191467e-02
6.971651911735534668e-01,4.836728796362876892e-02
7.014188766479492188e-01,4.855064302682876587e-02
7.007889151573181152e-01,1.590737849473953247e-01
7.034288644790649414e-01,1.148157715797424316e-01
6.940122842788696289e-01,9.889643639326095581e-02
6.907683610916137695e-01,5.933878943324089050e-02
6.959008574485778809e-01,3.675534576177597046e-02
7.001732587814331055e-01,1.432687342166900635e-01
7.015040516853332520e-01,1.570426672697067261e-01
7.007189393043518066e-01,-6.842317525297403336e-03
6.991808414459228516e-01,2.302815392613410950e-02
6.982177495956420898e-01,2.284471876919269562e-02
7.020026445388793945e-01,4.971990734338760376e-02
6.966530680656433105e-01,6.027877330780029297e-03
6.939191222190856934e-01,3.648316022008657455e-03
6.971237659454345703e-01,2.760358154773712158e-03
5.000000000000000000e-01,-1.596976265574811427e+00
6.973813176155090332e-01,1.189350560307502747e-01
6.996732354164123535e-01,1.104036122560501099e-01
7.096265554428100586e-01,1.620736122131347656e-01
7.096046805381774902e-01,2.081979364156723022e-01
6.972299218177795410e-01,1.013658195734024048e-01
6.966387033462524414e-01,1.706919968128204346e-01
7.019382119178771973e-01,6.373507529497146606e-02
6.950479149818420410e-01,4.488983657211065292e-03
7.088915705680847168e-01,8.396920561790466309e-02
6.844468116760253906e-01,1.038911640644073486e-01
7.057793736457824707e-01,2.525446712970733643e-01
7.019934058189392090e-01,2.941173315048217773e-01
7.006644010543823242e-01,7.987841963768005371e-02
6.965866088867187500e-01,4.414864350110292435e-03
7.012552618980407715e-01,3.329990059137344360e-02
6.950793266296386719e-01,4.123532399535179138e-02
6.996398568153381348e-01,-7.467950880527496338e-02
6.983829140663146973e-01,5.042596720159053802e-03
7.003723382949829102e-01,-5.493725184351205826e-03
7.037039399147033691e-01,-4.161457344889640808e-02
6.989113688468933105e-01,1.477624569088220596e-02
7.024163603782653809e-01,4.613141715526580811e-02
6.927307844161987305e-01,4.752920195460319519e-02
6.960923075675964355e-01,2.449781261384487152e-02
6.964361667633056641e-01,-1.309775263071060181e-01
6.937882304191589355e-01,6.930516660213470459e-02
6.947997212409973145e-01,7.093095779418945312e-02
6.990272402763366699e-01,4.396919533610343933e-02
6.993018984794616699e-01,2.806509472429752350e-02
6.985661387443542480e-01,6.445141881704330444e-02
5.000000000000000000e-01,-1.596976265574811427e+00
6.971882581710815430e-01,6.636007223278284073e-03
7.008723020553588867e-01,3.689143061637878418e-02
6.997680664062500000e-01,1.264721527695655823e-02
6.950234174728393555e-01,2.693277224898338318e-02
6.936272382736206055e-01,3.612029552459716797e-02
6.986754536628723145e-01,3.170117363333702087e-02
6.917268037796020508e-01,8.916849642992019653e-02
6.902761459350585938e-01,1.214827671647071838e-01
7.018553018569946289e-01,1.425016224384307861e-01
7.000094652175903320e-01,-1.713520474731922150e-02
7.039750218391418457e-01,1.255151331424713135e-01
7.000377774238586426e-01,6.949006021022796631e-02
7.016636729240417480e-01,6.585668772459030151e-02
6.988145112991333008e-01,7.806194573640823364e-02
6.982394456863403320e-01,1.046039909124374390e-02
7.023833394050598145e-01,5.751317366957664490e-02
7.079372406005859375e-01,4.817407950758934021e-02
6.983296871185302734e-01,1.406925078481435776e-02
7.028580904006958008e-01,1.069303825497627258e-01
6.982629299163818359e-01,-2.601935295388102531e-03
6.973037719726562500e-01,-3.023984842002391815e-02
7.017008066177368164e-01,1.448420900851488113e-02
6.942067146301269531e-01,-2.182853408157825470e-02
6.940094828605651855e-01,-4.338541254401206970e-02
6.992310881614685059e-01,-5.646643415093421936e-02
6.979489922523498535e-01,-4.480534419417381287e-02
6.992889046669006348e-01,-1.702836342155933380e-02
6.976943016052246094e-01,2.417449653148651123e-02
7.019611597061157227e-01,1.190386433154344559e-02
6.968132257461547852e-01,-3.744268789887428284e-02
5.000000000000000000e-01,-1.596976265574811427e+00
6.934751272201538086e-01,7.028337568044662476e-02
7.025426030158996582e-01,1.895816028118133545e-01
6.950912475585937500e-01,1.622093617916107178e-01
6.977683305740356445e-01,2.870312631130218506e-01
6.977021694183349609e-01,7.871021516621112823e-03
6.995221376419067383e-01,1.364194601774215698e-01
6.986888051033020020e-01,9.408066421747207642e-02
7.002150416374206543e-01,1.128025501966476440e-01
7.029098272323608398e-01,2.419824302196502686e-01
6.963914632797241211e-01,1.032731160521507263e-01
7.018186450004577637e-01,2.004625201225280762e-01
6.983511447906494141e-01,7.091521471738815308e-02
6.946642994880676270e-01,7.499018311500549316e-02
7.001012563705444336e-01,5.642433464527130127e-02
6.979580521583557129e-01,3.853017836809158325e-02
6.977148056030273438e-01,7.389771938323974609e-02
6.977518200874328613e-01,-6.126281339675188065e-03
6.973491311073303223e-01,3.556524962186813354e-02
6.948677897453308105e-01,-2.625413797795772552e-02
6.997435688972473145e-01,-6.815277040004730225e-02
6.985948681831359863e-01,1.507986243814229965e-02
6.993117332458496094e-01,-2.599417045712471008e-02
7.003622055053710938e-01,-2.279160544276237488e-02
6.955404281616210938e-01,-2.579075470566749573e-02
7.003691196441650391e-01,-3.340636147186160088e-03
6.979723572731018066e-01,-3.024822473526000977e-02
6.967198252677917480e-01,-3.162808716297149658e-02
6.990271210670471191e-01,3.490119799971580505e-02
7.001413702964782715e-01,-2.681163139641284943e-02
6.984618306159973145e-01,-3.184485435485839844e-02
5.000000000000000000e-01,-1.596976265574811427e+00
6.941655874252319336e-01,1.261789798736572266e-01
7.063338756561279297e-01,1.702213734388351440e-01
7.046023607254028320e-01,2.665141522884368896e-01
6.970917582511901855e-01,6.566029787063598633e-02
6.959863305091857910e-01,3.970074653625488281e-02
6.965771317481994629e-01,4.675010964274406433e-02
7.020033001899719238e-01,5.470412597060203552e-02
7.014982700347900391e-01,2.062189951539039612e-02
7.014412283897399902e-01,3.461974859237670898e-02
6.980218887329101562e-01,2.310668304562568665e-02
6.967625021934509277e-01,-3.711235010996460915e-03
6.937329173088073730e-01,2.855066396296024323e-02
6.975715756416320801e-01,-3.706017136573791504e-02
6.995984911918640137e-01,7.190749794244766235e-02
6.937236189842224121e-01,-4.358100239187479019e-03
6.974667906761169434e-01,2.102866582572460175e-02
7.021899223327636719e-01,5.733608454465866089e-02
6.952911019325256348e-01,2.520183660089969635e-02
6.958557963371276855e-01,-1.076717581599950790e-02
6.952058076858520508e-01,2.212060987949371338e-02
6.983656883239746094e-01,7.205907255411148071e-02
6.956402659416198730e-01,2.522475831210613251e-02
7.017436027526855469e-01,1.023434698581695557e-01
6.995598673820495605e-01,5.702324211597442627e-02
7.016229629516601562e-01,5.636069923639297485e-02
7.013969421386718750e-01,2.995273657143115997e-02
6.994931101799011230e-01,7.885685563087463379e-02
6.967444419860839844e-01,5.393473803997039795e-02
6.994996070861816406e-01,2.517797648906707764e-01
7.020359635353088379e-01,1.005843877792358398e-01
5.000000000000000000e-01,-1.596976265574811427e+00
7.050197124481201172e-01,2.929557263851165771e-01
7.002021670341491699e-01,1.477993726730346680e-01
7.029821276664733887e-01,1.844286471605300903e-01
6.986901164054870605e-01,2.487919479608535767e-01
6.972667574882507324e-01,3.185096681118011475e-01
6.992249488830566406e-01,1.261434108018875122e-01
6.968696713447570801e-01,1.877379566431045532e-01
7.035686969757080078e-01,7.047933340072631836e-02
7.025913000106811523e-01,1.961951404809951782e-01
6.967618465423583984e-01,3.298720717430114746e-02
7.036085128784179688e-01,2.705537155270576477e-02
6.957675218582153320e-01,-2.089115045964717865e-02
6.952838897705078125e-01,3.532087802886962891e-02
6.957226991653442383e-01,3.202025964856147766e-02
6.990447640419006348e-01,-2.357310056686401367e-02
7.002129554748535156e-01,8.519552648067474365e-02
6.968864202499389648e-01,2.727412246167659760e-02
6.945261955261230469e-01,4.037652537226676941e-02
6.889851093292236328e-01,6.777912378311157227e-03
6.928906440734863281e-01,9.446818381547927856e-02
6.997779011726379395e-01,8.344543725252151489e-02
6.988154053688049316e-01,1.297320425510406494e-01
6.965874433517456055e-01,7.500973343849182129e-02
6.966414451599121094e-01,-5.101982504129409790e-02
6.952153444290161133e-01,-3.413287177681922913e-02
6.940190196037292480e-01,-8.467260748147964478e-02
6.970520615577697754e-01,-8.978778123855590820e-02
6.960389018058776855e-01,1.072084438055753708e-02
6.973235011100769043e-01,-1.042465940117835999e-01
6.922511458396911621e-01,-4.365077614784240723e-02
5.000000000000000000e-01,-1.596976265574811427e+00
7.019452452659606934e-01,5.686877667903900146e-02
7.013531923294067383e-01,2.058220282196998596e-02
7.035111784934997559e-01,8.316186815500259399e-02
6.970583200454711914e-01,4.565967991948127747e-02
7.006856799125671387e-01,1.995352655649185181e-02
7.010183930397033691e-01,4.693309217691421509e-02
6.990829110145568848e-01,3.999547101557254791e-03
7.002755999565124512e-01,5.249783396720886230e-02
7.017819285392761230e-01,4.798164963722229004e-02
6.998455524444580078e-01,3.720379248261451721e-02
7.000967264175415039e-01,8.105789124965667725e-02
7.052533030509948730e-01,7.746219635009765625e-02
6.990787982940673828e-01,3.171854466199874878e-02
7.000773549079895020e-01,-1.079617068171501160e-02
6.997282505035400391e-01,4.228407982736825943e-03
7.000652551651000977e-01,8.525750786066055298e-02
6.963264346122741699e-01,3.414616361260414124e-02
6.991152167320251465e-01,7.685023546218872070e-02
6.928579211235046387e-01,2.420538850128650665e-02
6.969133615493774414e-01,2.419713884592056274e-02
6.940781474113464355e-01,5.500715691596269608e-03
6.926223635673522949e-01,2.724171429872512817e-02
6.962986588478088379e-01,-1.166252046823501587e-02
7.025389671325683594e-01,-1.782757230103015900e-02
6.973664164543151855e-01,-4.298164043575525284e-03
7.022306323051452637e-01,-4.570326767861843109e-03
7.000218629837036133e-01,-1.738442294299602509e-02
6.992035508155822754e-01,4.481410142034292221e-03
7.018290758132934570e-01,-5.913437902927398682e-02
6.994515657424926758e-01,-4.340940155088901520e-03
5.000000000000000000e-01,-1.544616388014981689e+00
7.049450874328613281e-01,1.057187020778656006e-01
7.023868560791015625e-01,1.022215187549591064e-01
7.010627985000610352e-01,1.422608047723770142e-01
6.997450590133666992e-01,8.736807107925415039e-02
7.010092139244079590e-01,6.117348372936248779e-02
6.998616456985473633e-01,5.615922808647155762e-02
7.037396430969238281e-01,9.166932851076126099e-02
6.974038481712341309e-01,7.558754831552505493e-02
7.022215723991394043e-01,2.516569010913372040e-02
7.006381154060363770e-01,7.494636625051498413e-02
6.964165568351745605e-01,7.056705653667449951e-02
6.970409750938415527e-01,2.864413522183895111e-02
6.971414685249328613e-01,5.701833963394165039e-02
6.966353654861450195e-01,1.222156435251235962e-01
6.953903436660766602e-01,2.401696145534515381e-01
6.951322555541992188e-01,6.175734102725982666e-02
6.958780288696289062e-01,8.370006084442138672e-02
6.980842351913452148e-01,7.278517354279756546e-03
6.961901783943176270e-01,4.997579380869865417e-02
7.003685235977172852e-01,1.505891829729080200e-01
6.985557079315185547e-01,4.174946993589401245e-02
7.005934119224548340e-01,5.888999626040458679e-02
6.971371173858642578e-01,-1.263116672635078430e-02
6.988940834999084473e-01,2.358179911971092224e-02
6.976259350776672363e-01,1.835567131638526917e-02
6.985818147659301758e-01,5.307186022400856018e-02
6.978238224983215332e-01,-4.093873500823974609e-02
7.018697857856750488e-01,2.323102019727230072e-02
6.964532732963562012e-01,2.909391559660434723e-02
6.981092691421508789e-01,1.522292848676443100e-03
