6.655149459838867188e-01,-1.531473278999328613e+00
5.972523689270019531e-01,-1.256610870361328125e+00
6.634013652801513672e-01,-1.571307182312011719e+00
6.746051907539367676e-01,-1.192393779754638672e+00
6.738321185111999512e-01,-1.174962997436523438e+00
6.832088232040405273e-01,-1.143178820610046387e+00
6.827942132949829102e-01,-8.822501897811889648e-01
6.847043037414550781e-01,-7.606177330017089844e-01
6.815943121910095215e-01,-6.466082930564880371e-01
6.675529479980468750e-01,-8.111443519592285156e-01
6.904624104499816895e-01,-6.304163336753845215e-01
6.885216832160949707e-01,-4.310689866542816162e-01
6.850811243057250977e-01,-4.508021175861358643e-01
6.893215775489807129e-01,-3.993782401084899902e-01
6.930817961692810059e-01,-1.943953484296798706e-01
6.945931315422058105e-01,-2.562081813812255859e-01
6.915482282638549805e-01,-1.822157800197601318e-01
6.948376297950744629e-01,-1.591652035713195801e-01
6.969018578529357910e-01,-1.793727278709411621e-01
6.963554024696350098e-01,-2.218114435672760010e-01
6.965404152870178223e-01,-1.349470466375350952e-01
6.920998692512512207e-01,-1.478441208600997925e-01
6.966397166252136230e-01,-3.274238854646682739e-02
6.963281631469726562e-01,-2.645198404788970947e-01
7.028543949127197266e-01,-3.391771018505096436e-02
6.991116404533386230e-01,-3.183075785636901855e-01
7.027691006660461426e-01,-1.308635622262954712e-01
7.000192999839782715e-01,2.307268604636192322e-02
7.011428475379943848e-01,-2.263907194137573242e-01
7.026482224464416504e-01,-5.318821594119071960e-02
6.876221299171447754e-01,-2.930103838443756104e-01
6.977128386497497559e-01,-3.377217352390289307e-01
6.971947550773620605e-01,-3.017651438713073730e-01
6.952705979347229004e-01,-1.249155551195144653e-01
6.976775527000427246e-01,-1.535931527614593506e-01
6.963888406753540039e-01,-4.035768806934356689e-01
6.948365569114685059e-01,-2.857865691184997559e-01
7.021811604499816895e-01,-4.043521583080291748e-01
6.972869634628295898e-01,-3.483991324901580811e-01
6.931838989257812500e-01,-8.145596385002136230e-01
6.949507594108581543e-01,-9.884773492813110352e-01
7.023890018463134766e-01,-1.023179411888122559e+00
6.865292191505432129e-01,-1.208880066871643066e+00
6.842614412307739258e-01,-9.458638429641723633e-01
5.000000000000000000e-01,-1.539380400258998582e+00
6.933076977729797363e-01,-3.213495016098022461e-01
6.965540051460266113e-01,4.289107024669647217e-02
7.013421058654785156e-01,4.216385632753372192e-02
6.995226740837097168e-01,7.640410959720611572e-02
7.031518220901489258e-01,-2.480188384652137756e-02
7.042493224143981934e-01,8.070968091487884521e-02
7.033143043518066406e-01,9.547391533851623535e-02
7.007079124450683594e-01,1.724116355180740356e-01
7.010903358459472656e-01,2.151508778333663940e-01
7.021552324295043945e-01,3.065549731254577637e-01
6.972430348396301270e-01,3.035048246383666992e-01
6.950590610504150391e-01,4.476189911365509033e-01
6.979301571846008301e-01,3.966038823127746582e-01
6.944950819015502930e-01,5.471503138542175293e-01
6.980298757553100586e-01,5.142728090286254883e-01
6.972824931144714355e-01,3.900162875652313232e-01
7.038645744323730469e-01,8.024020195007324219e-01
6.995103955268859863e-01,7.552674412727355957e-01
6.990022659301757812e-01,7.279734611511230469e-01
6.968842744827270508e-01,1.019165158271789551e+00
7.052989006042480469e-01,1.001922369003295898e+00
6.968061327934265137e-01,1.033609986305236816e+00
7.005145549774169922e-01,8.087719082832336426e-01
6.970144510269165039e-01,8.164877891540527344e-01
6.924397349357604980e-01,7.560508847236633301e-01
7.113283872604370117e-01,6.071442961692810059e-01
7.120567560195922852e-01,5.617152452468872070e-01
7.165036797523498535e-01,5.629202723503112793e-01
7.067009210586547852e-01,6.585428118705749512e-01
7.155255079269409180e-01,5.495342612266540527e-01
7.035917043685913086e-01,3.767662644386291504e-01
7.020446658134460449e-01,2.824333012104034424e-01
7.004158496856689453e-01,1.908138245344161987e-01
5.000000000000000000e-01,-1.539380400258998582e+00
7.015123963356018066e-01,4.280208647251129150e-01
6.979106068611145020e-01,3.363497555255889893e-01
7.035706043243408203e-01,2.096272706985473633e-01
7.018444538116455078e-01,1.571536213159561157e-01
6.982606053352355957e-01,2.288858443498611450e-01
7.001769542694091797e-01,3.087852299213409424e-01
7.010310292243957520e-01,6.216268613934516907e-02
7.004219889640808105e-01,7.146757841110229492e-02
6.946707367897033691e-01,7.143556326627731323e-02
7.015244364738464355e-01,1.375375390052795410e-01
7.001854777336120605e-01,7.456074655055999756e-02
6.974301338195800781e-01,4.597027972340583801e-02
6.984895467758178711e-01,7.432259735651314259e-04
6.959321498870849609e-01,-3.123774006962776184e-02
6.961711049079895020e-01,-7.003590464591979980e-02
6.997683644294738770e-01,-5.140861123800277710e-02
6.980543732643127441e-01,-1.637134514749050140e-02
6.970475912094116211e-01,2.016100846230983734e-02
6.976730823516845703e-01,-2.384975086897611618e-03
6.958061456680297852e-01,-3.525167331099510193e-02
6.966227889060974121e-01,-6.378547102212905884e-02
6.959134936332702637e-01,-5.769108980894088745e-02
6.941429972648620605e-01,-3.728042170405387878e-02
6.946521997451782227e-01,-1.044430732727050781e-01
6.997041702270507812e-01,-6.655195355415344238e-02
6.989772319793701172e-01,-1.280668675899505615e-01
6.970992684364318848e-01,-1.252235025167465210e-01
6.909865140914916992e-01,-1.047158911824226379e-01
6.966563463211059570e-01,-1.261990815401077271e-01
6.963870525360107422e-01,-5.799068138003349304e-02
5.000000000000000000e-01,-1.539380400258998582e+00
6.942643523216247559e-01,-2.504413947463035583e-02
6.976476311683654785e-01,-2.360007725656032562e-02
6.926459670066833496e-01,-4.447857290506362915e-02
6.974110603332519531e-01,8.565968833863735199e-03
6.944305300712585449e-01,-5.535454023629426956e-03
6.950805187225341797e-01,-2.840762957930564880e-03
7.009623050689697266e-01,1.474351584911346436e-01
6.987243890762329102e-01,-2.117376960813999176e-02
6.974685788154602051e-01,-4.064121842384338379e-02
6.986406445503234863e-01,-2.097644144669175148e-03
6.962386965751647949e-01,-2.931830100715160370e-02
7.015745639801025391e-01,-1.282910723239183426e-02
6.999031305313110352e-01,9.029317647218704224e-03
6.944300532341003418e-01,-6.654199957847595215e-02
7.014433145523071289e-01,1.502979248762130737e-01
6.978319883346557617e-01,8.231792598962783813e-03
6.980301737785339355e-01,-1.344885025173425674e-02
7.003272175788879395e-01,-1.228018403053283691e-01
6.939768195152282715e-01,-4.906161502003669739e-02
6.960009932518005371e-01,-2.104952745139598846e-02
6.984357833862304688e-01,4.155606031417846680e-02
6.961148381233215332e-01,1.615817844867706299e-02
6.978765130043029785e-01,-2.537291869521141052e-02
6.956712603569030762e-01,1.228401251137256622e-02
6.948331594467163086e-01,-2.966499142348766327e-02
6.991662383079528809e-01,-1.260010804980993271e-02
6.973194479942321777e-01,-4.816767573356628418e-02
6.984451413154602051e-01,-4.205248132348060608e-02
6.982267498970031738e-01,-2.994701080024242401e-02
6.982807517051696777e-01,-4.089374095201492310e-02
5.000000000000000000e-01,-1.539380400258998582e+00
6.999068260192871094e-01,8.560322225093841553e-02
6.939029097557067871e-01,9.980170428752899170e-02
6.973668932914733887e-01,5.587816610932350159e-02
6.963290572166442871e-01,1.483968496322631836e-01
6.985859274864196777e-01,1.027571111917495728e-01
6.950428485870361328e-01,9.367633610963821411e-02
6.986469626426696777e-01,7.106631249189376831e-02
7.016624808311462402e-01,1.334815621376037598e-01
7.007941603660583496e-01,2.575784921646118164e-01
7.023112773895263672e-01,1.459606736898422241e-01
7.034984230995178223e-01,7.292852550745010376e-02
6.989492774009704590e-01,-1.338031608611345291e-02
7.003393769264221191e-01,5.676084384322166443e-02
7.018108367919921875e-01,5.390290915966033936e-02
6.953773498535156250e-01,2.624496584758162498e-03
6.996444463729858398e-01,8.605993539094924927e-02
6.919578313827514648e-01,8.279920369386672974e-02
7.017120122909545898e-01,5.430641025304794312e-02
7.023561596870422363e-01,8.789113909006118774e-02
7.001135945320129395e-01,2.452736953273415565e-03
6.964605450630187988e-01,1.548597030341625214e-02
6.957213878631591797e-01,1.749023050069808960e-02
6.979866027832031250e-01,6.300915032625198364e-02
6.965563893318176270e-01,4.487670958042144775e-02
6.933764815330505371e-01,8.553315699100494385e-02
6.958755850791931152e-01,4.999670013785362244e-02
7.040855288505554199e-01,8.073136210441589355e-02
7.027072310447692871e-01,2.844253368675708771e-02
7.017386555671691895e-01,-4.876161983702331781e-04
7.038387060165405273e-01,2.595272101461887360e-02
5.000000000000000000e-01,-1.539380400258998582e+00
7.043519020080566406e-01,2.041776031255722046e-01
7.011846303939819336e-01,2.105639576911926270e-01
6.950503587722778320e-01,2.291944622993469238e-01
7.098178267478942871e-01,4.817190468311309814e-01
7.069303989410400391e-01,1.682749390602111816e-01
7.037560343742370605e-01,2.150430679321289062e-01
6.966638565063476562e-01,1.543977409601211548e-01
6.989539265632629395e-01,2.258672267198562622e-01
7.023167610168457031e-01,5.532625317573547363e-02
6.985307931900024414e-01,1.651229709386825562e-01
7.014576792716979980e-01,9.457716345787048340e-02
7.031235694885253906e-01,3.236606419086456299e-01
6.970183253288269043e-01,2.225667610764503479e-02
6.985729336738586426e-01,-4.920313879847526550e-02
6.973161697387695312e-01,8.119496703147888184e-02
6.996600031852722168e-01,1.251757144927978516e-02
6.990813016891479492e-01,4.932947456836700439e-02
6.965845823287963867e-01,5.951418355107307434e-02
6.995353698730468750e-01,1.057363115251064301e-03
6.948524117469787598e-01,2.217775024473667145e-02
6.998394131660461426e-01,4.951400309801101685e-02
7.007509469985961914e-01,5.785596743226051331e-02
7.028300762176513672e-01,1.112897321581840515e-01
7.029122710227966309e-01,5.198216810822486877e-02
6.976746320724487305e-01,-3.707316517829895020e-02
6.962220072746276855e-01,-2.374607883393764496e-02
6.888316273689270020e-01,-7.535388693213462830e-03
6.882911324501037598e-01,-4.327706992626190186e-02
6.960408091545104980e-01,1.654140464961528778e-02
6.979749202728271484e-01,-2.760962769389152527e-02
5.000000000000000000e-01,-1.539380400258998582e+00
7.000654339790344238e-01,1.638586819171905518e-02
7.008197307586669922e-01,7.881027646362781525e-03
7.010667324066162109e-01,-8.479101583361625671e-03
6.999927759170532227e-01,-9.805147536098957062e-03
6.997933387756347656e-01,6.630339194089174271e-04
7.017503380775451660e-01,2.671685442328453064e-02
6.969972848892211914e-01,-4.687941446900367737e-02
6.958525180816650391e-01,-1.760163716971874237e-02
7.004434466361999512e-01,7.202733308076858521e-02
6.963596940040588379e-01,-1.539880316704511642e-02
7.015527486801147461e-01,1.710154302418231964e-02
7.024770975112915039e-01,3.998051956295967102e-02
6.985650062561035156e-01,9.248178452253341675e-02
6.982983946800231934e-01,8.637350052595138550e-03
6.972815394401550293e-01,3.639219561591744423e-03
6.947728991508483887e-01,5.852205213159322739e-03
6.995306611061096191e-01,4.755947738885879517e-02
7.020723819732666016e-01,-2.787452656775712967e-03
7.018781900405883789e-01,4.364718496799468994e-02
6.967313289642333984e-01,4.042308777570724487e-03
7.013285756111145020e-01,1.225228235125541687e-02
6.999071240425109863e-01,-4.860518872737884521e-02
6.957887411117553711e-01,4.107903689146041870e-02
6.989963054656982422e-01,8.113389834761619568e-03
7.008142471313476562e-01,8.829178288578987122e-03
7.025972604751586914e-01,-1.293350942432880402e-02
6.993151903152465820e-01,-3.352893143892288208e-02
6.967719197273254395e-01,2.161193825304508209e-02
6.989771723747253418e-01,4.785594530403614044e-03
6.998555064201354980e-01,1.606173254549503326e-02
5.000000000000000000e-01,-1.539380400258998582e+00
7.033553719520568848e-01,9.050182998180389404e-02
7.072011232376098633e-01,1.283161640167236328e-01
7.044172883033752441e-01,9.967536479234695435e-02
7.001697421073913574e-01,9.365671873092651367e-02
6.987569332122802734e-01,5.012546852231025696e-02
7.030884027481079102e-01,2.226511389017105103e-02
6.960064172744750977e-01,3.940856084227561951e-02
6.998558640480041504e-01,5.753694847226142883e-02
7.001202106475830078e-01,1.050879359245300293e-01
6.972450017929077148e-01,1.898360066115856171e-02
7.011231780052185059e-01,8.964084833860397339e-02
6.993119120597839355e-01,3.064182959496974945e-02
6.978686451911926270e-01,1.959264278411865234e-02
6.997047662734985352e-01,7.837007194757461548e-02
6.990373134613037109e-01,4.469738155603408813e-02
6.963990330696105957e-01,1.184623837471008301e-01
7.000499963760375977e-01,2.156026512384414673e-01
7.024747729301452637e-01,9.402327239513397217e-02
6.898279786109924316e-01,6.665483862161636353e-02
6.986181139945983887e-01,5.355490371584892273e-02
6.968647837638854980e-01,1.116438135504722595e-01
7.019252777099609375e-01,7.994236797094345093e-02
6.972350478172302246e-01,1.357643008232116699e-01
6.993583440780639648e-01,6.304478645324707031e-02
7.012624740600585938e-01,5.921711772680282593e-02
6.988065242767333984e-01,-2.052379399538040161e-02
6.966038346290588379e-01,1.722812838852405548e-02
6.977248787879943848e-01,1.273971237242221832e-02
7.019590139389038086e-01,4.122200608253479004e-02
7.000150680541992188e-01,1.375705190002918243e-02
5.000000000000000000e-01,-1.539380400258998582e+00
7.106342911720275879e-01,7.245571911334991455e-02
7.110169529914855957e-01,1.961764842271804810e-01
6.970245242118835449e-01,2.063661813735961914e-01
6.979961991310119629e-01,4.599746316671371460e-02
6.985563039779663086e-01,7.353357970714569092e-02
7.049717903137207031e-01,1.367430686950683594e-01
6.954587697982788086e-01,1.059787049889564514e-01
6.984108686447143555e-01,1.710340529680252075e-01
7.055573463439941406e-01,7.459010183811187744e-02
7.024667859077453613e-01,2.123466432094573975e-01
7.022123336791992188e-01,7.562630623579025269e-02
7.017020583152770996e-01,4.850829765200614929e-02
6.999503970146179199e-01,5.084923654794692993e-02
6.988493800163269043e-01,4.208150506019592285e-02
6.972712278366088867e-01,2.288887277245521545e-02
6.981198191642761230e-01,4.286258295178413391e-02
6.969310641288757324e-01,-5.633911862969398499e-02
6.930438876152038574e-01,3.213029727339744568e-02
6.980915665626525879e-01,1.479525584727525711e-02
6.952059864997863770e-01,1.143769640475511551e-02
6.899891495704650879e-01,3.953738510608673096e-02
6.958210468292236328e-01,-2.258299663662910461e-02
6.974438428878784180e-01,6.536591053009033203e-02
6.945829391479492188e-01,4.783672094345092773e-02
6.967838406562805176e-01,-6.057127565145492554e-02
6.953603625297546387e-01,1.997619308531284332e-02
6.944160461425781250e-01,1.189254457131028175e-03
7.018826007843017578e-01,5.189503729343414307e-02
6.954106092453002930e-01,-2.688782662153244019e-02
6.974418163299560547e-01,1.412446238100528717e-02
5.000000000000000000e-01,-1.539380400258998582e+00
7.020481228828430176e-01,5.615979805588722229e-02
7.034339308738708496e-01,6.989209353923797607e-02
6.897079348564147949e-01,6.442020833492279053e-02
6.925997138023376465e-01,6.030611321330070496e-02
6.950412392616271973e-01,7.701112329959869385e-02
7.015992403030395508e-01,2.950851246714591980e-02
6.909055709838867188e-01,3.162768855690956116e-02
6.947731375694274902e-01,6.113571673631668091e-02
6.977365016937255859e-01,7.752662897109985352e-02
7.008458375930786133e-01,5.226980149745941162e-02
7.009575366973876953e-01,-1.441673003137111664e-02
6.998445391654968262e-01,3.908423334360122681e-02
7.000026106834411621e-01,2.236738801002502441e-02
7.027457356452941895e-01,5.934605374932289124e-02
6.990301609039306641e-01,7.045485079288482666e-02
7.006322741508483887e-01,2.649479545652866364e-02
7.004408240318298340e-01,1.820335909724235535e-02
6.976696252822875977e-01,8.094624429941177368e-02
6.997506022453308105e-01,1.086754724383354187e-01
7.017110586166381836e-01,5.445476993918418884e-02
7.013546228408813477e-01,7.431748509407043457e-02
6.971394419670104980e-01,-2.435725927352905273e-02
6.950444579124450684e-01,4.473832435905933380e-03
7.003864645957946777e-01,-9.875551611185073853e-02
7.018524408340454102e-01,8.283741772174835205e-02
6.969658732414245605e-01,3.921652957797050476e-02
6.975993514060974121e-01,-2.250922285020351410e-02
6.992234587669372559e-01,-7.122933119535446167e-02
6.976957917213439941e-01,1.998458988964557648e-02
6.936272978782653809e-01,-1.776620373129844666e-02
5.000000000000000000e-01,-1.539380400258998582e+00
7.010214924812316895e-01,2.000306695699691772e-01
7.048221230506896973e-01,1.065865084528923035e-01
6.988645792007446289e-01,6.180717796087265015e-02
7.031090855598449707e-01,1.499245464801788330e-01
6.966031789779663086e-01,7.373230159282684326e-02
6.955905556678771973e-01,4.396978765726089478e-02
6.992647051811218262e-01,1.015072688460350037e-02
6.930075883865356445e-01,-2.437194623053073883e-02
6.985875964164733887e-01,7.242595404386520386e-02
6.963016390800476074e-01,5.655958130955696106e-02
6.983101963996887207e-01,7.683628797531127930e-02
7.019793987274169922e-01,-1.149176713079214096e-02
6.975443363189697266e-01,-9.418176487088203430e-03
6.959723830223083496e-01,1.332460641860961914e-01
6.957134008407592773e-01,1.356729865074157715e-01
7.024655342102050781e-01,1.755106002092361450e-01
6.875225901603698730e-01,8.814949542284011841e-02
7.009790539741516113e-01,6.057380884885787964e-02
7.007151246070861816e-01,2.425735071301460266e-02
7.035408020019531250e-01,1.703850030899047852e-01
6.997898221015930176e-01,6.038535758852958679e-02
6.990616917610168457e-01,4.805750399827957153e-02
6.970661282539367676e-01,1.732624694705009460e-02
6.987776160240173340e-01,1.806028769351541996e-03
7.021919488906860352e-01,6.487556546926498413e-02
6.977666616439819336e-01,-1.960062800208106637e-04
6.948577165603637695e-01,3.061380237340927124e-02
6.986747980117797852e-01,9.305849671363830566e-03
6.982755661010742188e-01,3.056813590228557587e-02
6.981823444366455078e-01,1.878493279218673706e-02
5.000000000000000000e-01,-1.539380400258998582e+00
6.991990208625793457e-01,1.273092776536941528e-01
7.059990167617797852e-01,2.119210362434387207e-01
6.978559494018554688e-01,2.485624328255653381e-02
6.964027285575866699e-01,1.098143905401229858e-01
6.994715929031372070e-01,6.847205013036727905e-02
6.967971920967102051e-01,5.152416229248046875e-02
6.994979977607727051e-01,-1.105828327126801014e-03
6.993412375450134277e-01,4.908555373549461365e-02
7.012513875961303711e-01,1.616781204938888550e-02
7.046833634376525879e-01,4.471585154533386230e-02
7.000489830970764160e-01,3.363560512661933899e-02
6.953325271606445312e-01,1.258431822061538696e-01
7.046707868576049805e-01,2.692098319530487061e-01
7.001790404319763184e-01,2.317248284816741943e-01
6.975178122520446777e-01,3.210570663213729858e-02
6.986011266708374023e-01,6.482714414596557617e-02
7.033233642578125000e-01,3.119128942489624023e-02
6.988388895988464355e-01,6.785239279270172119e-02
6.970978379249572754e-01,1.051927264779806137e-02
6.994072794914245605e-01,2.857016772031784058e-02
7.040283083915710449e-01,8.674098178744316101e-03
6.973193287849426270e-01,-1.902412972413003445e-03
6.965856552124023438e-01,1.141692604869604111e-02
6.969925761222839355e-01,-1.572312414646148682e-02
7.019584774971008301e-01,-2.813670411705970764e-02
7.002221345901489258e-01,-6.383356451988220215e-02
6.976446509361267090e-01,-6.647665798664093018e-02
6.993875503540039062e-01,-8.999590575695037842e-02
6.989045739173889160e-01,3.756229951977729797e-02
6.920419931411743164e-01,-4.085241630673408508e-02
5.000000000000000000e-01,-1.539380400258998582e+00
7.066664099693298340e-01,1.579666286706924438e-01
7.002625465393066406e-01,2.047737836837768555e-01
6.983602643013000488e-01,3.237490355968475342e-02
7.000085711479187012e-01,6.377290189266204834e-02
6.968367695808410645e-01,1.126973703503608704e-02
6.958937048912048340e-01,1.249352321028709412e-01
7.029592990875244141e-01,1.826473511755466461e-02
7.019932270050048828e-01,-1.921852678060531616e-02
6.944616436958312988e-01,4.632129892706871033e-02
7.019693851470947266e-01,1.020800471305847168e-01
6.974020004272460938e-01,-5.686026066541671753e-03
7.019384503364562988e-01,1.719763129949569702e-02
6.986574530601501465e-01,4.814797267317771912e-02
6.984414458274841309e-01,7.154444605112075806e-02
6.970159411430358887e-01,1.399604380130767822e-01
7.043492794036865234e-01,2.704134583473205566e-01
7.039976716041564941e-01,2.514436542987823486e-01
7.033371925354003906e-01,4.279625788331031799e-02
6.993402838706970215e-01,7.699438184499740601e-02
6.969655156135559082e-01,1.966737955808639526e-02
6.984822750091552734e-01,2.111536450684070587e-02
6.960033178329467773e-01,4.278710857033729553e-02
6.956048607826232910e-01,3.326074453070759773e-03
6.981419324874877930e-01,-3.978911042213439941e-02
6.965233683586120605e-01,4.748100787401199341e-02
6.982204318046569824e-01,5.813925713300704956e-02
7.023985981941223145e-01,5.196158587932586670e-02
6.976718306541442871e-01,-2.859128080308437347e-02
6.954943537712097168e-01,-1.422146614640951157e-02
6.949887871742248535e-01,1.110280491411685944e-02
5.000000000000000000e-01,-1.539380400258998582e+00
7.027023434638977051e-01,7.235726714134216309e-02
7.014523744583129883e-01,4.175592586398124695e-02
6.976706981658935547e-01,2.769610658288002014e-02
6.971926689147949219e-01,7.040727883577346802e-02
6.972289085388183594e-01,7.456289976835250854e-02
6.978459358215332031e-01,5.635267868638038635e-02
7.014991044998168945e-01,2.353667095303535461e-02
6.993209719657897949e-01,-2.644531987607479095e-02
7.009202837944030762e-01,1.197264902293682098e-02
6.993840336799621582e-01,6.314870715141296387e-02
7.024634480476379395e-01,5.844472721219062805e-02
6.980603933334350586e-01,-3.169860318303108215e-02
6.998805999755859375e-01,2.314550429582595825e-02
7.040623426437377930e-01,7.394449412822723389e-02
6.927049160003662109e-01,3.814450278878211975e-02
6.999951004981994629e-01,1.802441924810409546e-01
7.000312209129333496e-01,1.204780042171478271e-01
6.947436332702636719e-01,1.414703428745269775e-01
7.011979222297668457e-01,-4.998314660042524338e-03
6.997191309928894043e-01,2.457761205732822418e-02
6.991008520126342773e-01,1.493132114410400391e-01
6.976681947708129883e-01,1.626190692186355591e-01
6.969354152679443359e-01,1.699330471456050873e-02
7.012454867362976074e-01,2.185008116066455841e-02
6.925975680351257324e-01,5.752946063876152039e-02
6.975622773170471191e-01,-2.504860796034336090e-02
6.950581073760986328e-01,4.501774162054061890e-02
6.986315846443176270e-01,2.496181614696979523e-02
7.032446861267089844e-01,5.313882231712341309e-02
6.978147029876708984e-01,1.004659458994865417e-01
5.000000000000000000e-01,-1.539380400258998582e+00
6.994301080703735352e-01,1.297594308853149414e-01
6.987358331680297852e-01,3.215019032359123230e-02
6.981943249702453613e-01,3.352592885494232178e-02
6.993932127952575684e-01,9.232193976640701294e-02
7.009403109550476074e-01,5.717574805021286011e-02
7.003554701805114746e-01,5.729558691382408142e-02
7.016363143920898438e-01,-3.710873425006866455e-02
6.998605728149414062e-01,1.535449456423521042e-02
6.991415023803710938e-01,-9.784185327589511871e-03
7.030915021896362305e-01,3.289088606834411621e-02
7.068165540695190430e-01,8.790251612663269043e-02
6.973698139190673828e-01,-1.411378663033246994e-02
7.012243270874023438e-01,6.236964836716651917e-03
6.996338963508605957e-01,4.399570450186729431e-02
6.967787146568298340e-01,1.220641210675239563e-01
7.006396651268005371e-01,2.845741212368011475e-01
7.010003328323364258e-01,2.353975176811218262e-01
6.994175910949707031e-01,1.875641755759716034e-02
7.000889182090759277e-01,6.337142735719680786e-02
7.021920084953308105e-01,4.003354907035827637e-02
7.058706283569335938e-01,9.235195815563201904e-02
6.964097619056701660e-01,5.380018800497055054e-02
6.988754868507385254e-01,7.738772779703140259e-02
7.013030052185058594e-01,2.495683357119560242e-02
6.979602575302124023e-01,-3.103988058865070343e-02
7.026801705360412598e-01,-6.821300089359283447e-02
7.020323872566223145e-01,5.126820504665374756e-02
6.971302628517150879e-01,-4.853727295994758606e-02
6.975812911987304688e-01,1.819635392166674137e-03
6.936629414558410645e-01,4.990172758698463440e-02
5.000000000000000000e-01,-1.539380400258998582e+00
6.967952847480773926e-01,4.058076068758964539e-02
6.944870948791503906e-01,2.068698219954967499e-02
6.945549845695495605e-01,-3.932841122150421143e-02
7.016115188598632812e-01,1.413636356592178345e-01
6.955631375312805176e-01,3.079886548221111298e-02
7.004715204238891602e-01,7.659445703029632568e-02
6.967483758926391602e-01,5.024955794215202332e-02
7.014188766479492188e-01,8.744100108742713928e-03
7.014258503913879395e-01,2.134491689503192902e-02
6.968013048171997070e-01,3.475876152515411377e-02
6.997318863868713379e-01,4.419502615928649902e-02
6.978107094764709473e-01,-1.810984313488006592e-02
6.999129652976989746e-01,1.778540946543216705e-02
6.943340301513671875e-01,3.025031462311744690e-02
6.939041018486022949e-01,3.312559053301811218e-02
6.992425918579101562e-01,1.213405951857566833e-01
6.981019377708435059e-01,2.339026480913162231e-01
6.985074877738952637e-01,7.866650819778442383e-02
6.983456015586853027e-01,7.223850488662719727e-02
7.026539444923400879e-01,1.772234439849853516e-01
7.034935951232910156e-01,1.046904027462005615e-01
6.980984210968017578e-01,4.913625493645668030e-02
6.985136866569519043e-01,7.568519562482833862e-02
6.981967091560363770e-01,-4.594291094690561295e-03
6.969174146652221680e-01,-6.703922525048255920e-03
6.960809826850891113e-01,-1.664608530700206757e-02
6.964939236640930176e-01,1.709606125950813293e-02
6.948195695877075195e-01,-4.047040827572345734e-03
7.006303668022155762e-01,1.726742251776158810e-03
6.971490383148193359e-01,6.632769852876663208e-02
5.000000000000000000e-01,-1.539380400258998582e+00
7.025673389434814453e-01,1.259404718875885010e-01
7.006906867027282715e-01,1.579876244068145752e-01
6.955387592315673828e-01,2.623638883233070374e-02
6.966868638992309570e-01,3.047677688300609589e-02
6.970596313476562500e-01,5.563112348318099976e-02
6.979013681411743164e-01,8.395389467477798462e-02
7.009496092796325684e-01,6.178282946348190308e-02
7.023959755897521973e-01,1.821584254503250122e-02
6.999357342720031738e-01,-2.153578586876392365e-02
7.025601267814636230e-01,3.508682548999786377e-02
6.950665712356567383e-01,1.125807873904705048e-02
7.029275298118591309e-01,3.909984137862920761e-03
7.018465399742126465e-01,2.408892847597599030e-02
6.960528492927551270e-01,1.419496536254882812e-01
7.019134163856506348e-01,1.919776797294616699e-01
6.949808001518249512e-01,6.296841800212860107e-02
7.099594473838806152e-01,2.907980084419250488e-01
7.033835053443908691e-01,3.376650437712669373e-02
7.020933032035827637e-01,4.605586454272270203e-02
6.975811719894409180e-01,2.582972496747970581e-02
7.043460011482238770e-01,4.833848029375076294e-02
6.956579685211181641e-01,4.223424196243286133e-02
6.967184543609619141e-01,1.284351106733083725e-03
7.007411122322082520e-01,-8.652879856526851654e-03
7.001367211341857910e-01,4.572679102420806885e-02
6.972105503082275391e-01,9.675980545580387115e-03
6.970198154449462891e-01,5.696349963545799255e-02
6.970700025558471680e-01,-2.704397216439247131e-02
6.951636075973510742e-01,2.071928977966308594e-02
6.982598304748535156e-01,9.769799560308456421e-02
5.000000000000000000e-01,-1.539380400258998582e+00
6.957607269287109375e-01,1.085973381996154785e-01
7.006717920303344727e-01,1.625466644763946533e-01
7.031487822532653809e-01,1.444750130176544189e-01
6.953045129776000977e-01,9.375611692667007446e-02
6.992210149765014648e-01,8.005305379629135132e-02
6.949633955955505371e-01,1.475556343793869019e-01
7.018572688102722168e-01,3.257023170590400696e-02
7.002835869789123535e-01,6.464371085166931152e-02
6.979006528854370117e-01,4.202896263450384140e-03
6.961799860000610352e-01,-9.224501438438892365e-03
7.055611014366149902e-01,6.857045739889144897e-02
7.031409740447998047e-01,4.759898409247398376e-02
7.001787424087524414e-01,3.007445670664310455e-02
6.988101601600646973e-01,3.109532594680786133e-02
7.023056149482727051e-01,2.749640680849552155e-02
7.023114562034606934e-01,2.881932631134986877e-02
6.998635530471801758e-01,3.106086701154708862e-02
6.980577707290649414e-01,6.007646396756172180e-02
6.968967914581298828e-01,-3.024381585419178009e-03
6.961222887039184570e-01,-2.288631908595561981e-02
7.016181945800781250e-01,7.844915986061096191e-02
6.973666548728942871e-01,2.539560571312904358e-02
6.953587532043457031e-01,6.334014236927032471e-02
6.959605216979980469e-01,6.038294732570648193e-02
6.965596675872802734e-01,-8.917813748121261597e-02
6.916533112525939941e-01,-3.539239987730979919e-02
6.973577141761779785e-01,3.994001448154449463e-02
6.953503489494323730e-01,-8.737570606172084808e-03
6.975585818290710449e-01,-1.831848733127117157e-02
6.968191266059875488e-01,-4.704077541828155518e-02
5.000000000000000000e-01,-1.539380400258998582e+00
6.952316761016845703e-01,2.309140712022781372e-01
7.023878693580627441e-01,7.245258241891860962e-02
6.997791528701782227e-01,3.887948766350746155e-02
6.972315907478332520e-01,-3.232328221201896667e-02
6.971102356910705566e-01,9.916886687278747559e-02
6.998273730278015137e-01,4.992174729704856873e-02
6.916031837463378906e-01,5.854940041899681091e-02
6.914492249488830566e-01,8.493659645318984985e-02
6.915943622589111328e-01,8.155840635299682617e-02
7.033541202545166016e-01,1.820436865091323853e-01
6.985930800437927246e-01,2.182157337665557861e-02
7.002184391021728516e-01,8.483726531267166138e-02
7.009394764900207520e-01,2.924318052828311920e-02
7.013203501701354980e-01,9.342429041862487793e-02
7.001907825469970703e-01,1.056400462985038757e-01
7.030811905860900879e-01,5.300198495388031006e-02
7.033878564834594727e-01,6.064042076468467712e-02
6.984027028083801270e-01,8.865769207477569580e-02
6.982255578041076660e-01,3.223161771893501282e-02
6.926176548004150391e-01,-1.462264824658632278e-02
6.985219120979309082e-01,-9.913914836943149567e-03
6.989340782165527344e-01,-6.511924788355827332e-03
6.973567605018615723e-01,2.313699806109070778e-03
7.003449797630310059e-01,-3.034989908337593079e-02
6.969099044799804688e-01,-2.702558599412441254e-02
6.944275498390197754e-01,1.649332791566848755e-02
6.933116316795349121e-01,-4.440726712346076965e-02
6.957788467407226562e-01,-2.438019774854183197e-02
6.970928907394409180e-01,1.039242465049028397e-02
6.975260376930236816e-01,-2.352533116936683655e-02
5.000000000000000000e-01,-1.539380400258998582e+00
7.034521102905273438e-01,1.604851782321929932e-01
7.050234079360961914e-01,2.023131698369979858e-01
7.029749155044555664e-01,4.767434671521186829e-02
7.024189233779907227e-01,1.078933328390121460e-01
6.925806999206542969e-01,6.765679270029067993e-02
6.987807750701904297e-01,7.345107942819595337e-02
7.017452716827392578e-01,4.521265998482704163e-02
6.998060345649719238e-01,4.308532923460006714e-02
7.018455266952514648e-01,7.497896254062652588e-02
6.969037055969238281e-01,6.141169369220733643e-02
6.967284679412841797e-01,1.521056145429611206e-01
7.051146030426025391e-01,2.815668582916259766e-01
6.975701451301574707e-01,6.858893483877182007e-02
6.991508603096008301e-01,9.988398849964141846e-02
6.999265551567077637e-01,2.603984251618385315e-02
7.025390863418579102e-01,6.499530375003814697e-02
7.013462781906127930e-01,9.397712536156177521e-03
6.995502114295959473e-01,2.274435199797153473e-02
7.007470726966857910e-01,5.239214748144149780e-02
6.999561190605163574e-01,2.739134617149829865e-02
7.037905454635620117e-01,6.889821588993072510e-02
6.947619318962097168e-01,3.220468387007713318e-02
6.937686204910278320e-01,1.019947789609432220e-02
7.029261589050292969e-01,-3.738531470298767090e-02
6.983105540275573730e-01,4.498561844229698181e-03
6.999714374542236328e-01,1.432901062071323395e-02
7.012436985969543457e-01,-1.214136648923158646e-02
6.988222599029541016e-01,-3.912735730409622192e-03
6.956670284271240234e-01,-7.446338236331939697e-02
6.956788897514343262e-01,6.355583667755126953e-02
5.000000000000000000e-01,-1.539380400258998582e+00
6.993589997291564941e-01,1.733401715755462646e-01
7.065628767013549805e-01,1.186097487807273865e-01
7.004892230033874512e-01,4.332053288817405701e-02
6.978950500488281250e-01,1.126255244016647339e-01
6.933917403221130371e-01,3.168862313032150269e-02
6.970241069793701172e-01,9.050109982490539551e-02
7.053455710411071777e-01,4.233093187212944031e-02
7.032999992370605469e-01,6.785245984792709351e-02
7.035591602325439453e-01,6.502616684883832932e-03
7.025837302207946777e-01,5.333803966641426086e-02
6.991426348686218262e-01,1.718986779451370239e-01
6.936253309249877930e-01,2.807548046112060547e-01
7.003398537635803223e-01,2.750134766101837158e-01
6.981610655784606934e-01,3.627183288335800171e-02
7.004292011260986328e-01,4.941427335143089294e-02
6.992944478988647461e-01,7.948615401983261108e-02
6.961053609848022461e-01,3.336337953805923462e-02
6.977919340133666992e-01,-3.080837614834308624e-02
7.011300325393676758e-01,8.853025734424591064e-03
7.025687098503112793e-01,9.594797156751155853e-03
6.945855021476745605e-01,-4.494637250900268555e-02
7.009730935096740723e-01,-2.834332175552845001e-02
7.003695964813232422e-01,-2.237095125019550323e-02
6.983503699302673340e-01,-9.025936573743820190e-02
6.965322494506835938e-01,1.353784278035163879e-02
7.005816698074340820e-01,2.434900403022766113e-02
6.986382603645324707e-01,7.442682050168514252e-03
6.974868774414062500e-01,-1.525794062763452530e-02
6.984440684318542480e-01,-3.294541314244270325e-02
6.925008296966552734e-01,1.266046613454818726e-02
5.000000000000000000e-01,-1.539380400258998582e+00
7.045919299125671387e-01,1.725650727748870850e-01
7.044808864593505859e-01,1.393956542015075684e-01
7.013390064239501953e-01,6.601765006780624390e-02
6.985565423965454102e-01,3.986474871635437012e-02
6.983376741409301758e-01,7.815448939800262451e-02
6.955013275146484375e-01,8.183569461107254028e-02
6.966747641563415527e-01,-1.758549176156520844e-02
6.982532143592834473e-01,1.821362879127264023e-03
6.969699263572692871e-01,7.146321982145309448e-02
6.995871663093566895e-01,4.610484465956687927e-02
7.008107900619506836e-01,7.099173218011856079e-02
6.987161636352539062e-01,-1.010802574455738068e-02
7.000007033348083496e-01,-2.615976147353649139e-02
6.984955072402954102e-01,5.566275864839553833e-02
6.966951489448547363e-01,-2.024227939546108246e-02
7.003075480461120605e-01,7.694427669048309326e-02
6.973788738250732422e-01,8.512084186077117920e-02
7.037738561630249023e-01,1.326187402009963989e-01
6.937525868415832520e-01,1.190913692116737366e-01
7.022705078125000000e-01,1.342251896858215332e-01
6.986539363861083984e-01,1.239591762423515320e-01
7.034456729888916016e-01,1.183008402585983276e-01
6.999318599700927734e-01,2.609338164329528809e-01
6.969876885414123535e-01,-1.175349485129117966e-02
6.951168179512023926e-01,3.382604941725730896e-02
6.974037289619445801e-01,-2.746541053056716919e-02
6.957774758338928223e-01,-8.878826338332146406e-05
6.995369195938110352e-01,-3.502347320318222046e-02
6.999725103378295898e-01,1.989742182195186615e-02
7.000753879547119141e-01,-1.378021575510501862e-02
5.000000000000000000e-01,-1.539380400258998582e+00
7.173548340797424316e-01,1.944542080163955688e-01
7.041984796524047852e-01,2.090477049350738525e-01
6.977459788322448730e-01,2.090753056108951569e-02
6.947230100631713867e-01,3.436348214745521545e-02
6.972833871841430664e-01,6.037263944745063782e-02
6.980177164077758789e-01,1.021406948566436768e-01
6.986209750175476074e-01,8.515905588865280151e-02
6.971645355224609375e-01,3.583814203739166260e-02
7.024496197700500488e-01,8.669718354940414429e-02
6.949283480644226074e-01,1.693093925714492798e-01
7.026147842407226562e-01,4.408929869532585144e-02
7.030940651893615723e-01,7.724644243717193604e-02
6.992207765579223633e-01,2.162181586027145386e-01
6.977524757385253906e-01,2.851343527436256409e-02
6.987482905387878418e-01,6.479980051517486572e-02
7.005703449249267578e-01,7.802181690931320190e-02
6.951574087142944336e-01,2.749206498265266418e-02
6.969965100288391113e-01,4.204510897397994995e-02
6.972780227661132812e-01,5.244645848870277405e-02
6.992998719215393066e-01,-3.800453618168830872e-02
6.946229338645935059e-01,-1.293179520871490240e-04
6.987469196319580078e-01,-2.592755854129791260e-02
6.988369226455688477e-01,-8.635188452899456024e-03
6.950833797454833984e-01,-8.172225207090377808e-04
6.983070969581604004e-01,1.906077936291694641e-02
6.942722201347351074e-01,-3.950543701648712158e-02
6.970609426498413086e-01,5.226991698145866394e-02
6.926573514938354492e-01,2.300940267741680145e-02
6.964151859283447266e-01,1.607458144426345825e-01
7.003407478332519531e-01,-2.317320741713047028e-02
5.000000000000000000e-01,-1.539380400258998582e+00
6.980189681053161621e-01,-1.389540149830281734e-03
6.988930702209472656e-01,2.349890470504760742e-01
6.960116028785705566e-01,2.810114994645118713e-02
6.915215253829956055e-01,8.931991457939147949e-02
6.997849941253662109e-01,1.753688305616378784e-01
6.970469355583190918e-01,9.384998679161071777e-02
7.001244425773620605e-01,2.720636548474431038e-03
6.982777714729309082e-01,4.530749842524528503e-02
6.994130015373229980e-01,2.752000838518142700e-02
7.031356096267700195e-01,5.385168269276618958e-02
7.056468725204467773e-01,8.928472548723220825e-02
7.017596364021301270e-01,5.457449331879615784e-02
7.011901736259460449e-01,5.072608962655067444e-02
6.986758112907409668e-01,1.143433079123497009e-01
6.971321702003479004e-01,7.147806137800216675e-02
6.960643529891967773e-01,6.953412084840238094e-04
7.022282481193542480e-01,-8.160098455846309662e-03
7.008207440376281738e-01,-3.595903143286705017e-02
6.968403458595275879e-01,1.700844243168830872e-02
6.996539235115051270e-01,-4.400581121444702148e-03
6.978704929351806641e-01,-2.487589605152606964e-02
6.987692713737487793e-01,1.787865534424781799e-02
7.011414766311645508e-01,-1.871336437761783600e-02
6.977309584617614746e-01,-7.156345993280410767e-02
6.965238451957702637e-01,2.611360047012567520e-03
7.008669972419738770e-01,-3.649814752861857414e-03
6.998016238212585449e-01,-2.950279228389263153e-02
6.987612843513488770e-01,-5.390452966094017029e-02
6.932012438774108887e-01,5.489427596330642700e-02
6.954569220542907715e-01,2.594443410634994507e-02
5.000000000000000000e-01,-1.539380400258998582e+00
7.050662040710449219e-01,1.498470306396484375e-01
7.032572031021118164e-01,8.626620471477508545e-02
7.022694349288940430e-01,7.950390130281448364e-02
6.995469927787780762e-01,4.755512997508049011e-02
6.996713280677795410e-01,5.805137008428573608e-02
6.974118947982788086e-01,8.244046568870544434e-02
7.030451893806457520e-01,1.055854856967926025e-01
7.013447284698486328e-01,8.660963177680969238e-02
7.014224529266357422e-01,1.383735686540603638e-01
7.012640833854675293e-01,1.731467694044113159e-01
6.993460655212402344e-01,6.807298958301544189e-02
7.034954428672790527e-01,1.288956999778747559e-01
6.998597383499145508e-01,3.971759229898452759e-02
7.022030949592590332e-01,1.074655652046203613e-01
7.000714540481567383e-01,2.631620317697525024e-02
7.000022530555725098e-01,4.024789482355117798e-02
6.994144320487976074e-01,4.706284776329994202e-02
6.940403580665588379e-01,4.516493529081344604e-02
6.992954015731811523e-01,6.195973604917526245e-02
6.985319852828979492e-01,4.940654337406158447e-02
6.964167952537536621e-01,5.503144115209579468e-02
6.947568058967590332e-01,3.949956595897674561e-02
6.969783306121826172e-01,2.582801878452301025e-02
6.973703503608703613e-01,-6.521145254373550415e-02
7.014990448951721191e-01,6.876119971275329590e-02
7.009274363517761230e-01,1.831021532416343689e-02
6.985036730766296387e-01,-5.733137950301170349e-02
6.967108845710754395e-01,-5.510591343045234680e-02
6.925732493400573730e-01,-3.167730756103992462e-03
6.997438669204711914e-01,8.567631244659423828e-03
5.000000000000000000e-01,-1.539380400258998582e+00
6.949003934860229492e-01,1.341382563114166260e-01
7.047752141952514648e-01,1.117574423551559448e-01
6.993950009346008301e-01,4.548605531454086304e-02
7.037165164947509766e-01,1.383451372385025024e-01
6.982660293579101562e-01,4.303054884076118469e-02
6.985604763031005859e-01,5.323353037238121033e-02
6.943129897117614746e-01,-3.498880565166473389e-02
6.966581940650939941e-01,7.808962464332580566e-02
6.989466547966003418e-01,1.095755547285079956e-01
6.975823044776916504e-01,4.454586282372474670e-02
7.024714946746826172e-01,3.218559920787811279e-02
6.987733244895935059e-01,-3.206810215488076210e-03
7.009670138359069824e-01,2.383527532219886780e-02
6.973173618316650391e-01,2.824478782713413239e-02
6.997609734535217285e-01,1.497052609920501709e-01
7.005230784416198730e-01,1.764045953750610352e-01
6.851531863212585449e-01,2.675245702266693115e-02
6.857796907424926758e-01,7.750353962182998657e-02
6.982167363166809082e-01,4.855927452445030212e-02
7.040415406227111816e-01,9.469025582075119019e-02
6.965016126632690430e-01,1.257077753543853760e-01
6.982647180557250977e-01,4.673113673925399780e-02
6.953949928283691406e-01,1.879762485623359680e-02
7.028613686561584473e-01,-9.169726632535457611e-03
6.984660029411315918e-01,4.452059417963027954e-02
6.971746087074279785e-01,3.169908374547958374e-02
6.998621225357055664e-01,-3.810193389654159546e-03
6.968475580215454102e-01,5.217833444476127625e-03
6.998005509376525879e-01,-8.374993689358234406e-03
6.954010725021362305e-01,1.593346707522869110e-02
5.000000000000000000e-01,-1.539380400258998582e+00
7.039541602134704590e-01,1.249667629599571228e-01
7.026854157447814941e-01,1.865449696779251099e-01
6.994648575782775879e-01,1.003683805465698242e-01
7.005891799926757812e-01,1.266095936298370361e-01
6.987668275833129883e-01,1.235955506563186646e-01
7.010459303855895996e-01,1.165136322379112244e-01
6.980375051498413086e-01,-5.871818866580724716e-03
6.981927752494812012e-01,4.953795298933982849e-02
7.025521993637084961e-01,1.989215984940528870e-02
7.017892003059387207e-01,1.337740719318389893e-01
6.987736225128173828e-01,2.440418004989624023e-01
6.984819173812866211e-01,1.212873011827468872e-01
6.950662732124328613e-01,2.118684202432632446e-01
7.009173035621643066e-01,4.791048541665077209e-02
6.954913139343261719e-01,1.097044274210929871e-01
7.005667686462402344e-01,3.946282342076301575e-02
7.001494765281677246e-01,-8.329393714666366577e-02
7.009509801864624023e-01,-5.918358266353607178e-02
6.995079517364501953e-01,4.684887453913688660e-02
7.008486986160278320e-01,-1.007533166557550430e-02
6.955055594444274902e-01,-6.093197315931320190e-02
6.990620493888854980e-01,1.688032783567905426e-02
6.959170103073120117e-01,-2.803749591112136841e-02
6.992794871330261230e-01,-5.132010206580162048e-02
7.005088925361633301e-01,4.008335620164871216e-02
6.957899332046508789e-01,-5.228048656135797501e-03
6.990418434143066406e-01,-3.885904327034950256e-03
7.045012712478637695e-01,-4.319786280393600464e-02
6.959457397460937500e-01,-1.100407391786575317e-01
6.907076835632324219e-01,-7.979695219546556473e-04
5.000000000000000000e-01,-1.539380400258998582e+00
7.013518214225769043e-01,1.631024181842803955e-01
7.011114358901977539e-01,1.750309765338897705e-01
6.998660564422607422e-01,3.360889479517936707e-02
6.987968087196350098e-01,8.918172121047973633e-02
6.973730921745300293e-01,9.394213557243347168e-02
6.976901888847351074e-01,5.453731864690780640e-02
6.976624131202697754e-01,-1.292275264859199524e-03
6.982651352882385254e-01,-1.048384234309196472e-03
7.008904814720153809e-01,9.106370806694030762e-02
6.997041106224060059e-01,4.493616288527846336e-04
6.996455192565917969e-01,4.313130304217338562e-02
6.985177993774414062e-01,-4.247083561494946480e-04
7.021300196647644043e-01,8.309387415647506714e-02
6.981366276741027832e-01,1.826161704957485199e-02
6.951062679290771484e-01,-7.468486670404672623e-03
6.951453089714050293e-01,4.053791239857673645e-02
6.990923285484313965e-01,2.777550183236598969e-02
6.956225633621215820e-01,1.290657967329025269e-01
7.002114653587341309e-01,8.616458624601364136e-02
7.031818032264709473e-01,2.685069441795349121e-01
7.026955485343933105e-01,1.497719883918762207e-01
6.971638798713684082e-01,1.187508329749107361e-01
6.971138119697570801e-01,-7.206435780972242355e-03
7.034930586814880371e-01,-9.457116946578025818e-03
7.005116939544677734e-01,2.884719707071781158e-02
7.004681229591369629e-01,3.918854892253875732e-02
6.989176869392395020e-01,-2.156602591276168823e-02
6.975585818290710449e-01,2.257702313363552094e-02
6.979541182518005371e-01,2.591321617364883423e-02
6.974977850914001465e-01,9.978395886719226837e-03
5.000000000000000000e-01,-1.539380400258998582e+00
7.084975242614746094e-01,1.303915083408355713e-01
7.103233337402343750e-01,1.848814785480499268e-01
7.060562968254089355e-01,2.416238188743591309e-01
6.989145278930664062e-01,7.147362828254699707e-02
6.982364058494567871e-01,1.030586585402488708e-01
7.017400860786437988e-01,3.640409186482429504e-02
7.009733915328979492e-01,6.228723749518394470e-02
6.955838799476623535e-01,1.079258471727371216e-01
6.956498622894287109e-01,1.833263337612152100e-01
7.033556699752807617e-01,6.650474667549133301e-02
7.039350867271423340e-01,2.164092212915420532e-01
7.012848854064941406e-01,2.939282730221748352e-02
7.013645768165588379e-01,4.482851922512054443e-02
7.002267837524414062e-01,6.330721825361251831e-02
6.964685916900634766e-01,5.866925045847892761e-02
6.944195628166198730e-01,5.779551714658737183e-02
6.944121718406677246e-01,-4.254791885614395142e-02
6.983625888824462891e-01,-2.359969355165958405e-02
7.008611559867858887e-01,7.574356626719236374e-03
6.952111124992370605e-01,-3.096140176057815552e-02
6.965618133544921875e-01,-3.195938095450401306e-02
6.981543898582458496e-01,1.587908598594367504e-03
6.969487071037292480e-01,1.805024035274982452e-02
7.022349238395690918e-01,-3.482827544212341309e-02
7.000788450241088867e-01,-3.891619294881820679e-02
6.999276280403137207e-01,-2.228057570755481720e-02
6.976937055587768555e-01,-4.694424942135810852e-02
7.005193829536437988e-01,-8.140578866004943848e-02
6.971947550773620605e-01,1.048414874821901321e-02
6.930953860282897949e-01,2.833197358995676041e-03
5.000000000000000000e-01,-1.539380400258998582e+00
6.991698741912841797e-01,1.055179163813591003e-01
7.017157673835754395e-01,2.295237332582473755e-01
6.953248381614685059e-01,7.728638127446174622e-03
7.016400694847106934e-01,5.030126497149467468e-02
6.960650682449340820e-01,6.811898946762084961e-02
6.998571157455444336e-01,4.416312649846076965e-02
6.993759870529174805e-01,8.194940537214279175e-02
6.982728838920593262e-01,-3.128539398312568665e-02
6.982194781303405762e-01,6.467438489198684692e-02
6.923820376396179199e-01,1.195865720510482788e-01
7.020758390426635742e-01,6.449693464674055576e-04
6.983895897865295410e-01,1.660579070448875427e-02
6.992478966712951660e-01,-1.293989736586809158e-02
7.024628520011901855e-01,4.845502972602844238e-02
6.960042715072631836e-01,4.484917968511581421e-02
6.950196027755737305e-01,1.132672652602195740e-01
7.035186290740966797e-01,2.395892590284347534e-01
6.925222277641296387e-01,7.507219165563583374e-02
7.004306316375732422e-01,-1.410654932260513306e-02
6.897618174552917480e-01,5.512793362140655518e-02
6.981331706047058105e-01,9.682467579841613770e-02
7.031467556953430176e-01,9.848476201295852661e-02
7.014478445053100586e-01,1.798264235258102417e-01
7.027727365493774414e-01,5.872451141476631165e-02
6.958224773406982422e-01,3.903682529926300049e-02
6.997467875480651855e-01,-8.405744098126888275e-03
6.952661871910095215e-01,6.935963872820138931e-03
7.009021043777465820e-01,3.646548464894294739e-02
6.988784074783325195e-01,-2.147970348596572876e-02
6.981472373008728027e-01,6.737100891768932343e-03
5.000000000000000000e-01,-1.539380400258998582e+00
7.008503079414367676e-01,9.726909548044204712e-02
7.069387435913085938e-01,2.275014817714691162e-01
6.979214549064636230e-01,6.762424483895301819e-03
6.960753202438354492e-01,1.624566912651062012e-01
7.008178830146789551e-01,8.126480132341384888e-02
7.027317881584167480e-01,2.212686277925968170e-02
7.032327651977539062e-01,-7.355537731200456619e-03
6.967343091964721680e-01,3.059428185224533081e-02
6.985169649124145508e-01,-4.440062865614891052e-02
6.994794607162475586e-01,8.661641180515289307e-02
6.976420283317565918e-01,-1.193757820874452591e-02
6.959121823310852051e-01,-1.758681237697601318e-02
6.982787847518920898e-01,4.992455616593360901e-02
6.983525753021240234e-01,6.130564957857131958e-02
6.966524124145507812e-01,1.969254910945892334e-01
6.914317607879638672e-01,5.755713209509849548e-02
6.935154795646667480e-01,5.848357453942298889e-02
6.997185349464416504e-01,7.529267668724060059e-02
7.007058858871459961e-01,4.545329138636589050e-03
7.008556127548217773e-01,1.918930858373641968e-01
6.983286142349243164e-01,5.997568741440773010e-02
6.990391016006469727e-01,6.090759113430976868e-02
6.986051201820373535e-01,8.611842244863510132e-02
6.984510421752929688e-01,-2.305921725928783417e-02
6.981974244117736816e-01,3.336504474282264709e-02
6.974617242813110352e-01,-1.035632938146591187e-02
6.950928568840026855e-01,4.555363580584526062e-02
6.935229897499084473e-01,3.648928925395011902e-02
7.041876316070556641e-01,-1.240583951584994793e-03
6.978453397750854492e-01,4.228001460433006287e-02
5.000000000000000000e-01,-1.539380400258998582e+00
7.030877470970153809e-01,1.048012077808380127e-01
6.958498954772949219e-01,9.044930338859558105e-02
6.960197687149047852e-01,2.080359868705272675e-02
6.978454589843750000e-01,7.108530402183532715e-02
6.985808014869689941e-01,3.308819979429244995e-02
6.992657184600830078e-01,1.394756734371185303e-01
7.002297639846801758e-01,1.047633439302444458e-01
6.991944313049316406e-01,2.611986994743347168e-01
7.008365392684936523e-01,8.916408568620681763e-02
7.028678059577941895e-01,2.293253391981124878e-01
6.998993754386901855e-01,2.721436694264411926e-02
7.004852890968322754e-01,5.884444341063499451e-02
6.994058489799499512e-01,2.637448534369468689e-02
7.002853155136108398e-01,6.086942926049232483e-02
6.986666917800903320e-01,2.801755070686340332e-02
6.971648931503295898e-01,1.389541197568178177e-02
6.984741091728210449e-01,9.821677580475807190e-03
6.972131729125976562e-01,1.184891071170568466e-02
6.983195543289184570e-01,9.666459634900093079e-03
6.939634084701538086e-01,-1.493427436798810959e-02
6.849260926246643066e-01,-1.497906912118196487e-02
6.999562382698059082e-01,5.333214998245239258e-02
6.936202645301818848e-01,5.417843535542488098e-02
6.944660544395446777e-01,4.673994332551956177e-02
6.959447860717773438e-01,-4.967422038316726685e-02
6.965257525444030762e-01,2.515787258744239807e-02
6.999995708465576172e-01,4.366531968116760254e-02
6.978877186775207520e-01,4.693625122308731079e-02
6.968212127685546875e-01,1.970159448683261871e-02
6.981730461120605469e-01,6.386860460042953491e-02
5.000000000000000000e-01,-1.539380400258998582e+00
6.898631453514099121e-01,-4.302901402115821838e-02
6.891064047813415527e-01,3.026961535215377808e-02
6.972435712814331055e-01,1.286846548318862915e-01
6.966255903244018555e-01,9.327388554811477661e-02
6.916152834892272949e-01,3.798120841383934021e-02
6.960031390190124512e-01,3.405803442001342773e-02
6.967313289642333984e-01,-1.287916116416454315e-02
6.975368261337280273e-01,5.155482143163681030e-02
6.948668360710144043e-01,5.305035039782524109e-02
7.026974558830261230e-01,5.892309546470642090e-02
6.976495385169982910e-01,-3.833917435258626938e-03
7.013112902641296387e-01,5.819764360785484314e-02
7.002384662628173828e-01,4.277721419930458069e-02
7.020395994186401367e-01,8.863728493452072144e-02
7.004778981208801270e-01,6.164749711751937866e-02
6.991634964942932129e-01,5.214810371398925781e-02
7.015598416328430176e-01,1.566410064697265625e-02
6.978359818458557129e-01,7.202546298503875732e-02
6.997914314270019531e-01,3.392713516950607300e-02
6.993265151977539062e-01,6.181148067116737366e-02
7.007123827934265137e-01,-4.439278040081262589e-03
7.029347419738769531e-01,8.062827587127685547e-02
7.017873525619506836e-01,-3.951128106564283371e-03
7.010430097579956055e-01,-2.353516221046447754e-02
6.987797021865844727e-01,1.431791204959154129e-02
6.974528431892395020e-01,1.386027317494153976e-02
6.932223439216613770e-01,1.216992177069187164e-02
6.957327723503112793e-01,8.295012637972831726e-03
7.040429115295410156e-01,-3.077787719666957855e-02
7.007262706756591797e-01,4.925952106714248657e-02
5.000000000000000000e-01,-1.539380400258998582e+00
6.999284029006958008e-01,6.184649467468261719e-02
7.030879259109497070e-01,1.174846515059471130e-01
7.012170553207397461e-01,3.431042283773422241e-02
7.007271647453308105e-01,1.053847596049308777e-01
6.993301510810852051e-01,3.365329280495643616e-02
7.017964124679565430e-01,7.764576375484466553e-02
6.996246576309204102e-01,7.271123677492141724e-02
7.008756995201110840e-01,1.022153869271278381e-01
6.974676847457885742e-01,4.811524972319602966e-02
6.993730664253234863e-01,6.420759111642837524e-02
6.989061832427978516e-01,1.650276482105255127e-01
7.040655016899108887e-01,2.887359261512756348e-01
7.016226649284362793e-01,1.514484286308288574e-01
7.001600265502929688e-01,1.317471414804458618e-01
6.998714804649353027e-01,5.461842939257621765e-02
6.981316208839416504e-01,7.280939817428588867e-02
7.040047645568847656e-01,5.348354950547218323e-02
6.959277391433715820e-01,4.058994352817535400e-02
6.959444284439086914e-01,9.545974433422088623e-03
7.016614675521850586e-01,3.611758351325988770e-02
6.939284801483154297e-01,-7.186596095561981201e-02
6.983537673950195312e-01,-3.314165398478507996e-02
7.002007365226745605e-01,4.125828854739665985e-03
6.964839100837707520e-01,-5.404054746031761169e-02
6.974141001701354980e-01,8.068582974374294281e-03
6.985993981361389160e-01,1.834334060549736023e-02
6.992474794387817383e-01,-6.363775581121444702e-02
6.985179185867309570e-01,8.209796622395515442e-03
6.936734318733215332e-01,1.038997434079647064e-02
6.942685842514038086e-01,6.536455824971199036e-03
5.000000000000000000e-01,-1.539380400258998582e+00
7.013142704963684082e-01,1.788588464260101318e-01
7.030637264251708984e-01,5.004562065005302429e-02
7.035925388336181641e-01,9.514780342578887939e-02
7.002598643302917480e-01,1.060219630599021912e-01
7.010695338249206543e-01,5.736153572797775269e-02
7.011149525642395020e-01,7.945861667394638062e-02
6.942921876907348633e-01,-4.598895087838172913e-03
7.020881175994873047e-01,4.422200471162796021e-02
7.005793452262878418e-01,3.628358012065291405e-03
7.008057832717895508e-01,9.966150671243667603e-02
7.013188600540161133e-01,1.326638925820589066e-02
6.953509449958801270e-01,-2.953694015741348267e-02
6.989923119544982910e-01,7.742791622877120972e-02
7.013825178146362305e-01,4.736446216702461243e-02
6.992399692535400391e-01,7.518331985920667648e-03
6.965143680572509766e-01,8.859339356422424316e-02
7.009404897689819336e-01,1.977041661739349365e-01
7.002804875373840332e-01,1.055149212479591370e-01
6.965132355690002441e-01,4.098578542470932007e-02
6.968362927436828613e-01,6.128302589058876038e-02
7.017759680747985840e-01,1.437544673681259155e-01
7.038675546646118164e-01,1.859990656375885010e-01
6.985559463500976562e-01,1.932046934962272644e-02
7.007556557655334473e-01,5.281445011496543884e-02
6.971195936203002930e-01,-1.507486030459403992e-02
6.966334581375122070e-01,1.049663405865430832e-02
6.978259682655334473e-01,4.229336045682430267e-03
6.949959993362426758e-01,-3.631233703345060349e-04
6.972997784614562988e-01,2.891842089593410492e-02
6.962177753448486328e-01,5.391629878431558609e-03
5.000000000000000000e-01,-1.539380400258998582e+00
7.070057988166809082e-01,1.632376462221145630e-01
7.061725854873657227e-01,9.379519522190093994e-02
7.048103213310241699e-01,1.382565051317214966e-01
6.935936808586120605e-01,9.379063546657562256e-02
6.994858980178833008e-01,6.301620602607727051e-02
7.047230601310729980e-01,9.293381869792938232e-02
6.976613402366638184e-01,-4.220006614923477173e-02
7.013738751411437988e-01,5.319653078913688660e-02
7.020940780639648438e-01,1.924931071698665619e-02
7.001142501831054688e-01,7.097718119621276855e-02
6.969693303108215332e-01,4.332661256194114685e-02
7.014949917793273926e-01,1.638227850198745728e-01
7.019548416137695312e-01,2.805010974407196045e-01
7.017507553100585938e-01,3.334561586380004883e-01
6.968291401863098145e-01,4.535570740699768066e-02
6.927478313446044922e-01,7.941871881484985352e-02
6.954252719879150391e-01,-6.757034361362457275e-02
7.001618146896362305e-01,2.236752072349190712e-03
6.988310813903808594e-01,3.505857288837432861e-02
6.997365951538085938e-01,-4.738510772585868835e-02
6.949797272682189941e-01,-1.682727038860321045e-02
6.974974870681762695e-01,6.578605156391859055e-03
7.074871659278869629e-01,-2.761807525530457497e-03
6.990661621093750000e-01,4.644773155450820923e-02
6.956155896186828613e-01,-6.489402055740356445e-02
7.004097104072570801e-01,-4.309273511171340942e-02
6.939316987991333008e-01,5.352285504341125488e-02
6.944521665573120117e-01,1.189012601971626282e-01
7.013022899627685547e-01,5.954945832490921021e-02
7.001600265502929688e-01,1.335647422820329666e-02
5.000000000000000000e-01,-1.539380400258998582e+00
6.982782483100891113e-01,8.988947421312332153e-02
6.986427307128906250e-01,4.452417418360710144e-02
6.960577368736267090e-01,2.686581760644912720e-02
6.928684115409851074e-01,3.305930271744728088e-02
6.899502277374267578e-01,4.559443891048431396e-02
6.861408948898315430e-01,3.026213124394416809e-02
6.862401962280273438e-01,5.340664088726043701e-02
6.997671127319335938e-01,9.620317816734313965e-02
6.998434662818908691e-01,1.307096034288406372e-01
6.992697715759277344e-01,7.245917618274688721e-02
7.012469172477722168e-01,2.587491273880004883e-02
6.986213326454162598e-01,8.846797049045562744e-02
7.006166577339172363e-01,8.477329462766647339e-02
7.002422809600830078e-01,8.369252085685729980e-03
6.986767649650573730e-01,8.076480776071548462e-02
6.981418132781982422e-01,2.874658443033695221e-02
6.992719769477844238e-01,4.705318063497543335e-02
6.970012187957763672e-01,9.593273699283599854e-02
6.963644027709960938e-01,-3.126442432403564453e-02
6.984218358993530273e-01,1.753684692084789276e-02
6.960522532463073730e-01,2.205261960625648499e-03
6.955984234809875488e-01,-4.859223961830139160e-02
6.969297528266906738e-01,-2.655131928622722626e-02
7.030028700828552246e-01,-7.290234416723251343e-02
7.005513310432434082e-01,5.679289996623992920e-02
6.985829472541809082e-01,-2.885191328823566437e-02
6.981699466705322266e-01,-4.460426419973373413e-02
6.969696283340454102e-01,4.160308465361595154e-02
6.990941762924194336e-01,-2.228397130966186523e-02
6.983073353767395020e-01,-3.936107456684112549e-02
5.000000000000000000e-01,-1.539380400258998582e+00
6.973490715026855469e-01,1.439433246850967407e-01
7.043414711952209473e-01,1.818264722824096680e-01
7.042359709739685059e-01,2.217990309000015259e-01
7.001598477363586426e-01,8.833856135606765747e-02
6.935336589813232422e-01,1.150868181139230728e-02
6.960073709487915039e-01,9.499869309365749359e-03
7.021056413650512695e-01,1.155024394392967224e-01
6.996981501579284668e-01,2.504872716963291168e-02
7.056965231895446777e-01,1.702951639890670776e-02
6.985636353492736816e-01,6.828676164150238037e-02
7.029569745063781738e-01,8.257523924112319946e-02
6.977933645248413086e-01,5.592387169599533081e-02
6.966132521629333496e-01,1.719137728214263916e-01
6.964958310127258301e-01,9.240658581256866455e-02
6.879088878631591797e-01,1.006348505616188049e-01
7.016079425811767578e-01,6.349928677082061768e-02
6.924171447753906250e-01,1.218538805842399597e-01
6.989044547080993652e-01,6.180085986852645874e-02
6.989351511001586914e-01,3.307700157165527344e-02
6.959955692291259766e-01,1.762907393276691437e-02
6.998577117919921875e-01,9.314090013504028320e-03
7.003899812698364258e-01,5.272822082042694092e-02
7.012552618980407715e-01,5.732160806655883789e-02
7.001766562461853027e-01,9.375628829002380371e-02
6.972659230232238770e-01,2.723835036158561707e-02
7.019470930099487305e-01,3.836817666888237000e-02
6.970216631889343262e-01,5.222389474511146545e-02
6.976814866065979004e-01,-3.703082725405693054e-02
7.016350626945495605e-01,-1.461251080036163330e-02
6.986967325210571289e-01,3.877108171582221985e-02
5.000000000000000000e-01,-1.539380400258998582e+00
7.041732072830200195e-01,6.186710670590400696e-02
7.045598030090332031e-01,8.519710600376129150e-02
7.006687521934509277e-01,6.504019349813461304e-02
6.994625329971313477e-01,6.313659250736236572e-02
6.983695626258850098e-01,7.674269378185272217e-02
6.948148608207702637e-01,1.137300301343202591e-02
6.948401927947998047e-01,-2.603292837738990784e-02
6.972100138664245605e-01,4.764196649193763733e-02
7.007322311401367188e-01,6.358695030212402344e-02
7.005128264427185059e-01,9.835089556872844696e-03
7.011639475822448730e-01,9.800744801759719849e-02
6.983042359352111816e-01,5.014130845665931702e-03
6.983857750892639160e-01,6.236455217003822327e-02
6.990254521369934082e-01,1.585559695959091187e-01
7.018088698387145996e-01,2.515025138854980469e-01
6.986641287803649902e-01,1.458514183759689331e-01
6.961247324943542480e-01,6.322430074214935303e-02
7.013747692108154297e-01,4.023957252502441406e-02
7.025672793388366699e-01,-5.191405769437551498e-03
7.017960548400878906e-01,-1.668731123208999634e-02
7.005996704101562500e-01,3.872928023338317871e-02
6.993326544761657715e-01,2.187332510948181152e-02
6.986703276634216309e-01,7.448163628578186035e-02
6.990084052085876465e-01,2.086962386965751648e-02
6.960432529449462891e-01,2.445214614272117615e-02
6.963337659835815430e-01,-5.216349381953477859e-03
6.937912106513977051e-01,-2.837790409103035927e-03
7.007556557655334473e-01,4.286328703165054321e-02
6.937506794929504395e-01,-3.093554824590682983e-02
6.944627761840820312e-01,7.076856493949890137e-02
