6.932145357131958008e-01,-7.187043428421020508e-01
6.899254918098449707e-01,-5.082303881645202637e-01
6.918393969535827637e-01,-4.245877563953399658e-01
6.823886036872863770e-01,-2.584951817989349365e-01
6.956009864807128906e-01,-3.984458148479461670e-01
6.888766884803771973e-01,-4.325616359710693359e-01
6.946702003479003906e-01,-5.574597120285034180e-01
6.850837469100952148e-01,-5.612407326698303223e-01
6.919016242027282715e-01,-6.412401795387268066e-01
6.905851960182189941e-01,-7.583104968070983887e-01
6.924792528152465820e-01,-7.164785265922546387e-01
6.929925084114074707e-01,-7.951137423515319824e-01
6.840850710868835449e-01,-9.318525195121765137e-01
6.888843178749084473e-01,-9.316036701202392578e-01
6.847226023674011230e-01,-9.794220328330993652e-01
6.900221705436706543e-01,-1.030319571495056152e+00
6.793956756591796875e-01,-1.095297932624816895e+00
6.790847778320312500e-01,-9.988448023796081543e-01
6.877853870391845703e-01,-9.634056687355041504e-01
6.844227910041809082e-01,-8.183050751686096191e-01
6.793861389160156250e-01,-1.085744261741638184e+00
6.847087740898132324e-01,-8.897207975387573242e-01
6.785017251968383789e-01,-8.420299291610717773e-01
6.769632697105407715e-01,-7.994037270545959473e-01
6.887252330780029297e-01,-6.210319399833679199e-01
6.887570619583129883e-01,-5.117346048355102539e-01
6.707703471183776855e-01,-6.725689172744750977e-01
6.936594843864440918e-01,-4.022498130798339844e-01
6.888406276702880859e-01,-5.331849455833435059e-01
6.950724720954895020e-01,-3.722779154777526855e-01
6.938384175300598145e-01,-2.286306768655776978e-01
6.867129206657409668e-01,-3.331808745861053467e-01
6.951778531074523926e-01,-1.978376805782318115e-01
6.968913674354553223e-01,-1.344951987266540527e-01
6.936356425285339355e-01,-1.843172758817672729e-01
6.864574551582336426e-01,-1.301845908164978027e-01
6.956914067268371582e-01,-2.525445222854614258e-01
6.995651125907897949e-01,-1.622995436191558838e-01
6.971201300621032715e-01,-2.096190303564071655e-01
6.952905058860778809e-01,-2.667112946510314941e-01
6.949286460876464844e-01,-9.483480453491210938e-02
7.004067301750183105e-01,-9.155742824077606201e-02
7.042321562767028809e-01,-3.224339336156845093e-02
6.971688866615295410e-01,-1.431817114353179932e-01
6.999052166938781738e-01,-1.508920788764953613e-01
7.010000944137573242e-01,-2.815179526805877686e-01
6.999551057815551758e-01,-2.896211296319961548e-02
6.970913410186767578e-01,-3.324477672576904297e-01
6.925850510597229004e-01,-2.026315480470657349e-01
6.915343403816223145e-01,4.818786308169364929e-02
6.966902017593383789e-01,-2.106111198663711548e-01
7.017359137535095215e-01,-1.540923714637756348e-01
6.950519680976867676e-01,-1.132818460464477539e-01
6.981626749038696289e-01,3.370536863803863525e-02
6.975572705268859863e-01,-2.697242796421051025e-01
6.948023438453674316e-01,-2.887978851795196533e-01
6.958389878273010254e-01,4.656052216887474060e-02
7.022401094436645508e-01,-2.291067242622375488e-01
6.961164474487304688e-01,-3.313639760017395020e-01
6.921753287315368652e-01,-3.108335658907890320e-02
7.031911611557006836e-01,-3.840747475624084473e-01
6.907141208648681641e-01,-7.694649100303649902e-01
6.981973052024841309e-01,-1.048457503318786621e+00
7.050072550773620605e-01,-1.194504141807556152e+00
6.889278888702392578e-01,-1.309085845947265625e+00
6.910215616226196289e-01,-1.077117323875427246e+00
5.000000000000000000e-01,-1.539380400258998582e+00
6.933133602142333984e-01,-2.423898279666900635e-01
6.973373293876647949e-01,4.733894020318984985e-02
6.989036798477172852e-01,4.824766516685485840e-02
7.016258835792541504e-01,7.508050650358200073e-03
6.981476545333862305e-01,9.000044316053390503e-03
6.987152099609375000e-01,1.057449877262115479e-01
7.005153298377990723e-01,8.387076109647750854e-02
6.985803246498107910e-01,1.409804075956344604e-01
7.023085951805114746e-01,3.096208274364471436e-01
7.025653719902038574e-01,1.671893894672393799e-01
7.015274763107299805e-01,3.551386892795562744e-01
7.022905349731445312e-01,3.920118510723114014e-01
7.028528451919555664e-01,4.231662750244140625e-01
6.955159902572631836e-01,3.882806301116943359e-01
6.861928701400756836e-01,5.472264289855957031e-01
6.973916292190551758e-01,5.197532773017883301e-01
6.946889758110046387e-01,5.982394218444824219e-01
6.942533850669860840e-01,7.464541792869567871e-01
6.989458203315734863e-01,9.616508483886718750e-01
7.015393376350402832e-01,7.714257240295410156e-01
6.918289065361022949e-01,7.590951323509216309e-01
7.073264122009277344e-01,6.893173456192016602e-01
6.986036300659179688e-01,7.187485098838806152e-01
7.067526578903198242e-01,6.389892697334289551e-01
7.017975449562072754e-01,6.012410521507263184e-01
6.970486640930175781e-01,6.070753931999206543e-01
7.147477865219116211e-01,7.564869523048400879e-01
7.049649357795715332e-01,4.921509325504302979e-01
7.079006433486938477e-01,5.488806366920471191e-01
7.134649157524108887e-01,5.284342169761657715e-01
6.982712745666503906e-01,2.481649518013000488e-01
7.136011123657226562e-01,6.265303492546081543e-01
7.127387523651123047e-01,3.913116157054901123e-01
5.000000000000000000e-01,-1.539380400258998582e+00
7.044602036476135254e-01,2.842036187648773193e-01
7.160540819168090820e-01,3.807752430438995361e-01
7.057135701179504395e-01,2.924898564815521240e-01
7.056065797805786133e-01,3.547961413860321045e-01
6.993137001991271973e-01,1.823311895132064819e-01
6.967180967330932617e-01,1.956303566694259644e-01
7.062029838562011719e-01,2.817996144294738770e-01
7.026572227478027344e-01,4.733480140566825867e-02
6.994540691375732422e-01,-6.138611584901809692e-02
6.964766383171081543e-01,9.813269972801208496e-02
6.993878483772277832e-01,-1.668570004403591156e-02
6.970611810684204102e-01,7.485202699899673462e-02
7.033550739288330078e-01,6.587795168161392212e-02
6.946600675582885742e-01,-1.167580559849739075e-01
6.946981549263000488e-01,2.254734188318252563e-02
6.908343434333801270e-01,3.798151016235351562e-02
6.959763169288635254e-01,-6.751628220081329346e-02
6.947585940361022949e-01,-6.699927151203155518e-02
6.975920200347900391e-01,-1.672509312629699707e-02
6.952155232429504395e-01,-2.945342846214771271e-02
6.985831856727600098e-01,-8.125500753521919250e-03
7.010647654533386230e-01,-7.014117389917373657e-02
6.982198953628540039e-01,-3.334242478013038635e-02
6.983594894409179688e-01,-2.507506683468818665e-02
6.985736489295959473e-01,-1.065102685242891312e-02
6.995253562927246094e-01,1.442415174096822739e-03
6.972615122795104980e-01,-9.520945698022842407e-02
6.994887590408325195e-01,-5.422811582684516907e-02
6.997171640396118164e-01,-1.104565411806106567e-01
6.982361078262329102e-01,-1.293203979730606079e-01
5.000000000000000000e-01,-1.539380400258998582e+00
7.010266780853271484e-01,7.198030594736337662e-03
6.984912753105163574e-01,4.589568078517913818e-02
6.959785223007202148e-01,6.673050671815872192e-02
6.990395784378051758e-01,1.183044686913490295e-01
6.967528462409973145e-01,-1.774136908352375031e-02
6.949281692504882812e-01,-6.255394220352172852e-02
6.982429623603820801e-01,-3.081053309142589569e-02
6.926249265670776367e-01,-2.404784038662910461e-02
6.963312029838562012e-01,-3.352297842502593994e-02
6.958681344985961914e-01,-7.626378908753395081e-03
6.985496282577514648e-01,2.152675203979015350e-02
6.976552605628967285e-01,-3.178409114480018616e-02
6.971973776817321777e-01,-2.388510107994079590e-02
6.974808573722839355e-01,-3.206768631935119629e-02
6.998612284660339355e-01,8.719248324632644653e-02
6.985649466514587402e-01,1.064695790410041809e-02
7.002261281013488770e-01,-2.095158956944942474e-02
6.986125111579895020e-01,8.651118725538253784e-02
6.981179118156433105e-01,1.748451590538024902e-02
6.975289583206176758e-01,1.420842949301004410e-02
6.983403563499450684e-01,-9.049424529075622559e-02
7.003437876701354980e-01,8.341323584318161011e-02
6.971743702888488770e-01,8.890712261199951172e-02
6.951220035552978516e-01,-5.782394204288721085e-03
6.942259073257446289e-01,-6.668369472026824951e-02
6.994819641113281250e-01,1.682014018297195435e-01
6.989244818687438965e-01,-4.982261359691619873e-02
6.966144442558288574e-01,-7.581381592899560928e-03
6.982526183128356934e-01,-4.186161980032920837e-02
6.954145431518554688e-01,-2.113275043666362762e-02
5.000000000000000000e-01,-1.539380400258998582e+00
6.934345364570617676e-01,1.646020077168941498e-02
6.972506642341613770e-01,-3.826772561296820641e-03
7.016322016716003418e-01,1.505399681627750397e-02
7.009820938110351562e-01,3.774974495172500610e-02
7.024999260902404785e-01,8.153965324163436890e-02
6.986455917358398438e-01,6.345803290605545044e-02
6.992974877357482910e-01,4.549391195178031921e-02
6.984548568725585938e-01,2.740842290222644806e-03
6.996166706085205078e-01,8.628740161657333374e-02
6.972133517265319824e-01,8.734898269176483154e-02
6.971502304077148438e-01,6.318020820617675781e-02
6.928161978721618652e-01,7.587803155183792114e-02
6.998388171195983887e-01,2.699433267116546631e-02
6.953356266021728516e-01,4.140052478760480881e-03
7.035561203956604004e-01,1.013041287660598755e-01
7.062440514564514160e-01,1.252527385950088501e-01
7.026057839393615723e-01,1.083585247397422791e-02
6.904897689819335938e-01,-1.377742178738117218e-02
6.987340450286865234e-01,7.487601134926080704e-03
6.964793801307678223e-01,5.746414512395858765e-02
6.988119482994079590e-01,7.848709821701049805e-02
6.938035488128662109e-01,5.577917024493217468e-02
7.033821940422058105e-01,2.683765627443790436e-02
6.997149586677551270e-01,4.990336671471595764e-02
6.987403631210327148e-01,1.251585781574249268e-03
7.043092846870422363e-01,4.341717064380645752e-02
7.010994553565979004e-01,1.313993036746978760e-01
6.991422772407531738e-01,-4.834052175283432007e-02
6.930042505264282227e-01,1.283041536808013916e-01
7.064841985702514648e-01,1.210474967956542969e-01
5.000000000000000000e-01,-1.539380400258998582e+00
7.001768946647644043e-01,5.090998858213424683e-02
6.986692547798156738e-01,4.091666936874389648e-01
7.013195753097534180e-01,2.008417397737503052e-01
7.070290446281433105e-01,1.738393008708953857e-01
7.089636325836181641e-01,2.358202487230300903e-01
7.007048726081848145e-01,2.894617915153503418e-01
6.971311569213867188e-01,-3.353392239660024643e-03
6.993491649627685547e-01,2.630759216845035553e-02
7.028665542602539062e-01,1.658084802329540253e-02
7.037094831466674805e-01,1.260597407817840576e-01
6.951297521591186523e-01,1.682969778776168823e-01
7.002271413803100586e-01,3.928429260849952698e-02
7.030151486396789551e-01,1.000049859285354614e-01
7.033109664916992188e-01,2.114399820566177368e-01
6.984342932701110840e-01,3.727293014526367188e-02
7.015779018402099609e-01,1.179724186658859253e-02
6.996564865112304688e-01,6.225590407848358154e-02
6.992062926292419434e-01,3.126156283542513847e-03
6.945333480834960938e-01,3.893028572201728821e-02
7.027843594551086426e-01,-1.406145468354225159e-02
6.988996863365173340e-01,6.349191069602966309e-02
7.015658020973205566e-01,4.933402687311172485e-02
6.976607441902160645e-01,7.317621260881423950e-02
6.961472630500793457e-01,6.313621997833251953e-02
6.965858936309814453e-01,-2.879516780376434326e-02
6.992558240890502930e-01,5.843147635459899902e-02
6.968448162078857422e-01,1.125236507505178452e-03
7.011558413505554199e-01,1.448346022516489029e-02
6.963304877281188965e-01,4.387301858514547348e-03
7.003234028816223145e-01,1.479486376047134399e-01
5.000000000000000000e-01,-1.539380400258998582e+00
6.961293816566467285e-01,5.200020968914031982e-02
6.993536949157714844e-01,5.567911267280578613e-02
7.006432414054870605e-01,5.589357390999794006e-02
6.997784376144409180e-01,5.001387745141983032e-02
7.004155516624450684e-01,1.452555693686008453e-02
6.998468637466430664e-01,-2.014609798789024353e-02
6.993209719657897949e-01,4.485518485307693481e-02
6.996971964836120605e-01,5.807015299797058105e-02
7.000412940979003906e-01,-1.057149469852447510e-02
7.059397101402282715e-01,5.370540544390678406e-02
7.030382752418518066e-01,6.031095981597900391e-02
7.007853984832763672e-01,5.040289089083671570e-02
7.015212178230285645e-01,6.326200813055038452e-02
6.997216939926147461e-01,6.678937375545501709e-02
6.949294805526733398e-01,6.391727179288864136e-02
6.954503059387207031e-01,5.429998040199279785e-02
6.956079602241516113e-01,2.850475953891873360e-03
6.986926794052124023e-01,-1.390912570059299469e-02
7.005513906478881836e-01,-5.813954770565032959e-02
7.033063173294067383e-01,1.743265427649021149e-02
6.940755248069763184e-01,3.843868523836135864e-02
6.999772787094116211e-01,1.803721860051155090e-02
6.993859410285949707e-01,2.263068407773971558e-02
6.992368698120117188e-01,1.413060538470745087e-02
6.974172592163085938e-01,-1.397068798542022705e-02
6.951433420181274414e-01,6.593093276023864746e-02
6.968857645988464355e-01,2.357427217066287994e-02
6.944906115531921387e-01,-9.532527625560760498e-02
6.938172578811645508e-01,-2.755025029182434082e-02
7.018266916275024414e-01,-1.982959918677806854e-03
5.000000000000000000e-01,-1.539380400258998582e+00
7.050536870956420898e-01,1.323972642421722412e-01
6.997806429862976074e-01,1.201601475477218628e-01
7.046003937721252441e-01,2.569090127944946289e-01
6.931910514831542969e-01,1.641973853111267090e-01
6.872387528419494629e-01,7.662032544612884521e-02
6.945028901100158691e-01,7.780341804027557373e-02
6.977840065956115723e-01,2.548139542341232300e-02
6.978822946548461914e-01,3.801119327545166016e-02
7.007549405097961426e-01,1.385333389043807983e-01
6.980682611465454102e-01,2.199309132993221283e-02
6.986604928970336914e-01,2.750361897051334381e-02
7.036535739898681641e-01,5.145355686545372009e-02
6.999450922012329102e-01,6.555216759443283081e-02
7.000303864479064941e-01,7.503595203161239624e-02
7.002579569816589355e-01,3.151361644268035889e-02
6.993840932846069336e-01,3.598748892545700073e-02
6.961508393287658691e-01,4.711601883172988892e-02
6.999352574348449707e-01,-6.000510230660438538e-02
7.010760307312011719e-01,2.474275603890419006e-02
7.032564282417297363e-01,6.311944127082824707e-02
6.992337703704833984e-01,7.889986783266067505e-02
6.976538300514221191e-01,1.014970988035202026e-01
7.004895806312561035e-01,-4.344563931226730347e-02
6.981201171875000000e-01,1.963510178029537201e-02
7.001906633377075195e-01,-8.900789543986320496e-03
6.975605487823486328e-01,-2.917179837822914124e-02
6.963794231414794922e-01,-4.400672391057014465e-02
6.938330531120300293e-01,-1.251336093991994858e-02
6.969645619392395020e-01,-2.787158265709877014e-02
6.969497799873352051e-01,-6.797545403242111206e-02
5.000000000000000000e-01,-1.539380400258998582e+00
6.950359940528869629e-01,1.094737127423286438e-01
6.973521113395690918e-01,1.403292417526245117e-01
7.063475847244262695e-01,1.627661585807800293e-01
6.977262496948242188e-01,2.053505480289459229e-01
6.979597806930541992e-01,2.383145131170749664e-02
7.019177675247192383e-01,1.384630799293518066e-01
7.013194561004638672e-01,1.307304762303829193e-02
7.037656307220458984e-01,-9.362913668155670166e-03
6.981238722801208496e-01,5.879885330796241760e-02
7.024087905883789062e-01,7.023439556360244751e-02
6.997734904289245605e-01,5.793955642729997635e-03
6.939372420310974121e-01,1.084763277322053909e-02
6.990752220153808594e-01,1.588687533512711525e-03
7.005962133407592773e-01,2.052334882318973541e-02
6.980541348457336426e-01,4.486425779759883881e-03
7.016777992248535156e-01,3.234985843300819397e-02
6.995202302932739258e-01,6.775228679180145264e-02
7.006642818450927734e-01,1.884023845195770264e-02
7.034779191017150879e-01,7.453265041112899780e-02
6.978560090065002441e-01,-4.447192884981632233e-03
6.963452100753784180e-01,7.107817381620407104e-02
6.978288888931274414e-01,1.957567781209945679e-02
6.978466510772705078e-01,-7.856249809265136719e-03
6.974593997001647949e-01,3.387122228741645813e-02
6.924473047256469727e-01,6.893229484558105469e-02
6.979357600212097168e-01,7.659672200679779053e-02
7.031025290489196777e-01,2.506514824926853180e-02
6.980437636375427246e-01,3.092055954039096832e-02
7.001102566719055176e-01,-5.023551173508167267e-03
6.983045339584350586e-01,-8.408605121076107025e-03
5.000000000000000000e-01,-1.539380400258998582e+00
7.026149034500122070e-01,1.742904931306838989e-01
7.015954256057739258e-01,2.167848199605941772e-01
7.010909318923950195e-01,2.103198319673538208e-01
7.077978253364562988e-01,5.367035269737243652e-01
7.071139812469482422e-01,2.246170341968536377e-01
7.025626301765441895e-01,1.800069361925125122e-01
7.119886279106140137e-01,3.815005719661712646e-01
6.925998926162719727e-01,9.879789501428604126e-02
7.071325778961181641e-01,3.730359375476837158e-01
6.967566609382629395e-01,2.178600803017616272e-02
7.011155486106872559e-01,-1.222998462617397308e-02
6.992956995964050293e-01,6.140133831650018692e-03
6.962443590164184570e-01,3.672889620065689087e-02
6.997002959251403809e-01,7.249227166175842285e-02
6.974988579750061035e-01,2.097838558256626129e-03
6.937314867973327637e-01,5.987539514899253845e-02
6.925395131111145020e-01,-1.086425855755805969e-01
6.988453865051269531e-01,7.267982512712478638e-02
6.924479007720947266e-01,1.030134484171867371e-01
6.969450712203979492e-01,4.930277913808822632e-02
6.987856626510620117e-01,2.219978533685207367e-02
6.968182325363159180e-01,6.974846869707107544e-02
6.965446472167968750e-01,2.642809785902500153e-02
7.002344727516174316e-01,4.841892793774604797e-02
6.950400471687316895e-01,-4.239868372678756714e-02
6.937780976295471191e-01,-4.057104513049125671e-02
6.972391009330749512e-01,-6.849363446235656738e-02
6.946382522583007812e-01,-5.760800093412399292e-02
6.937153339385986328e-01,-1.649484485387802124e-01
6.931999921798706055e-01,-3.487738594412803650e-02
5.000000000000000000e-01,-1.539380400258998582e+00
7.006396651268005371e-01,2.820261754095554352e-02
7.014434337615966797e-01,5.677182227373123169e-02
7.029606699943542480e-01,6.984341889619827271e-02
6.997067332267761230e-01,5.531890317797660828e-02
7.001430988311767578e-01,3.369225934147834778e-02
6.948429346084594727e-01,4.023294523358345032e-02
7.017366886138916016e-01,5.782048776745796204e-02
6.998934149742126465e-01,9.262110292911529541e-02
7.021875977516174316e-01,3.211709111928939819e-02
6.975294351577758789e-01,5.186126753687858582e-02
6.955495476722717285e-01,-9.326839819550514221e-03
6.978129744529724121e-01,6.776782870292663574e-02
6.988933682441711426e-01,1.058345809578895569e-01
6.973239183425903320e-01,3.035756014287471771e-02
6.962431073188781738e-01,-3.718968108296394348e-02
6.995404958724975586e-01,-5.129520967602729797e-02
7.040181756019592285e-01,1.394360978156328201e-02
6.997662186622619629e-01,4.458875581622123718e-02
6.948817968368530273e-01,-1.356245949864387512e-02
6.966448426246643066e-01,1.302811782807111740e-02
6.982694268226623535e-01,-2.364621125161647797e-02
6.975343227386474609e-01,1.282364781945943832e-02
7.002491354942321777e-01,2.513088285923004150e-02
6.957559585571289062e-01,3.800299018621444702e-02
6.964510679244995117e-01,-1.829646900296211243e-02
6.990173459053039551e-01,-3.111285716295242310e-02
6.995468139648437500e-01,-2.956246212124824524e-02
6.964362859725952148e-01,-1.213359460234642029e-02
7.006655931472778320e-01,4.047859460115432739e-02
6.939400434494018555e-01,-2.458619326353073120e-02
5.000000000000000000e-01,-1.539380400258998582e+00
7.020679712295532227e-01,1.207078918814659119e-01
7.024603486061096191e-01,9.519509971141815186e-02
7.017817497253417969e-01,1.325890570878982544e-01
7.064090967178344727e-01,9.731791168451309204e-02
6.969889998435974121e-01,3.761542961001396179e-02
7.016131281852722168e-01,1.016041785478591919e-01
6.986016035079956055e-01,2.993293665349483490e-02
7.012574076652526855e-01,7.974056154489517212e-02
7.021479606628417969e-01,2.587337791919708252e-02
7.006556987762451172e-01,5.695850029587745667e-02
7.027282714843750000e-01,3.928016498684883118e-02
6.997824907302856445e-01,6.761988997459411621e-02
6.970741152763366699e-01,3.334851935505867004e-02
6.966666579246520996e-01,9.640275686979293823e-02
6.977943778038024902e-01,2.638475000858306885e-01
6.950139999389648438e-01,4.908514022827148438e-02
6.932237744331359863e-01,1.338346153497695923e-01
7.014148235321044922e-01,6.129521504044532776e-02
6.981242895126342773e-01,3.731438890099525452e-02
6.979486346244812012e-01,4.474432766437530518e-02
7.006794810295104980e-01,1.502934843301773071e-01
7.004468441009521484e-01,5.675532296299934387e-02
7.014749646186828613e-01,-3.685496922116726637e-04
6.997388005256652832e-01,3.533748537302017212e-02
7.012834548950195312e-01,5.096007511019706726e-02
6.978467702865600586e-01,9.127625962719321251e-04
6.970526576042175293e-01,-1.358639076352119446e-02
6.958937644958496094e-01,1.766075566411018372e-02
6.982334852218627930e-01,1.745616458356380463e-02
6.987956762313842773e-01,-1.181653980165719986e-02
5.000000000000000000e-01,-1.539380400258998582e+00
6.990648508071899414e-01,1.538732796907424927e-01
7.024902701377868652e-01,1.181111857295036316e-01
6.993761658668518066e-01,1.503289341926574707e-01
6.992295384407043457e-01,2.041055858135223389e-01
6.984169483184814453e-01,9.341944009065628052e-02
6.955882310867309570e-01,2.596340514719486237e-02
6.992135047912597656e-01,1.421674992889165878e-02
7.023520469665527344e-01,8.624873310327529907e-02
7.013672590255737305e-01,1.739175170660018921e-01
6.994197368621826172e-01,1.882183998823165894e-01
6.988121867179870605e-01,2.166166454553604126e-01
7.001412510871887207e-01,7.760437577962875366e-02
7.009462714195251465e-01,8.339131623506546021e-02
6.998384594917297363e-01,6.788873672485351562e-02
6.992573738098144531e-01,3.492760285735130310e-02
6.961755156517028809e-01,-2.148562669754028320e-02
6.955499649047851562e-01,3.691061586141586304e-02
6.947286128997802734e-01,1.218712888658046722e-02
6.987081170082092285e-01,-1.257815677672624588e-02
7.034609913825988770e-01,-1.870340295135974884e-02
6.956529617309570312e-01,-2.226330526173114777e-02
6.989147067070007324e-01,9.904781356453895569e-03
6.995137333869934082e-01,7.978089153766632080e-02
6.975405812263488770e-01,7.313518971204757690e-02
6.990721821784973145e-01,-1.333172470331192017e-01
6.960098147392272949e-01,8.022302389144897461e-02
6.905870437622070312e-01,4.120317846536636353e-02
7.008500099182128906e-01,7.037765346467494965e-03
6.999755501747131348e-01,1.673676632344722748e-02
6.984803080558776855e-01,4.172464087605476379e-02
5.000000000000000000e-01,-1.539380400258998582e+00
7.011232376098632812e-01,7.470607012510299683e-02
6.904452443122863770e-01,5.697240307927131653e-02
6.868435144424438477e-01,1.695591807365417480e-01
6.901918053627014160e-01,4.377823323011398315e-02
6.976718902587890625e-01,3.463483229279518127e-02
6.980696320533752441e-01,7.001634687185287476e-02
6.983592510223388672e-01,2.518989704549312592e-02
7.015649080276489258e-01,3.705799579620361328e-02
6.975669264793395996e-01,6.784516572952270508e-02
6.988378167152404785e-01,3.020006604492664337e-02
6.951053142547607422e-01,4.032324999570846558e-02
7.002716660499572754e-01,1.059911549091339111e-01
6.987555623054504395e-01,3.328949585556983948e-02
7.015343308448791504e-01,4.600313305854797363e-02
7.036321163177490234e-01,6.788798421621322632e-02
6.967642903327941895e-01,-4.979701247066259384e-03
7.000264525413513184e-01,1.180848758667707443e-02
6.999377608299255371e-01,1.460493449121713638e-02
6.968561410903930664e-01,-2.839631773531436920e-02
7.021315693855285645e-01,-4.041257128119468689e-02
7.006982564926147461e-01,9.222752600908279419e-02
6.966303586959838867e-01,2.905456349253654480e-03
6.966566443443298340e-01,4.008812084794044495e-02
6.970775723457336426e-01,5.906042861170135438e-05
6.945330500602722168e-01,-1.136790402233600616e-02
6.990031599998474121e-01,-3.350277245044708252e-02
6.998974084854125977e-01,-5.098742991685867310e-02
6.992251873016357422e-01,-1.828654296696186066e-02
6.988570094108581543e-01,8.289350196719169617e-03
6.971321105957031250e-01,-7.441265508532524109e-03
5.000000000000000000e-01,-1.539380400258998582e+00
7.014479041099548340e-01,1.570495218038558960e-01
7.037572264671325684e-01,1.628616750240325928e-01
7.064166069030761719e-01,1.662846505641937256e-01
7.014666199684143066e-01,8.855495601892471313e-02
6.965133547782897949e-01,3.856521472334861755e-02
7.004465460777282715e-01,9.687013179063796997e-02
6.996827125549316406e-01,5.416100844740867615e-02
7.004398107528686523e-01,3.024317556992173195e-03
6.988559365272521973e-01,4.131152480840682983e-02
6.979662179946899414e-01,7.469353824853897095e-02
6.978620290756225586e-01,-7.106518605723977089e-04
6.974037885665893555e-01,4.166177287697792053e-02
6.992198228836059570e-01,5.793864373117685318e-03
6.993142366409301758e-01,1.757509261369705200e-02
6.973848938941955566e-01,4.560084547847509384e-03
7.011823654174804688e-01,3.207369148731231689e-02
6.937975883483886719e-01,7.193399965763092041e-02
6.911174654960632324e-01,8.281927555799484253e-02
6.979975700378417969e-01,-2.989677153527736664e-02
6.998150348663330078e-01,3.085175156593322754e-02
6.988059282302856445e-01,-2.481290372088551521e-03
6.906232833862304688e-01,4.587326571345329285e-02
6.981049180030822754e-01,2.837589755654335022e-02
6.993293762207031250e-01,1.261819526553153992e-02
6.926919817924499512e-01,7.982257753610610962e-02
7.001852393150329590e-01,1.358926445245742798e-01
7.010464668273925781e-01,-3.936182765755802393e-04
6.977097988128662109e-01,2.988964132964611053e-02
6.962626576423645020e-01,-2.814406901597976685e-02
7.014744877815246582e-01,6.133387610316276550e-02
5.000000000000000000e-01,-1.539380400258998582e+00
7.056148648262023926e-01,2.715043425559997559e-01
7.022878527641296387e-01,3.003074228763580322e-01
6.957445144653320312e-01,1.968365460634231567e-01
7.061678171157836914e-01,4.068229794502258301e-01
7.075203657150268555e-01,3.630163073539733887e-01
7.024917602539062500e-01,2.109152674674987793e-01
6.966028809547424316e-01,1.431182920932769775e-01
7.000523805618286133e-01,2.502277195453643799e-01
7.034287452697753906e-01,3.417835533618927002e-01
7.047118544578552246e-01,7.819291949272155762e-02
7.001308798789978027e-01,8.112980425357818604e-02
6.963449716567993164e-01,1.446871012449264526e-01
6.972794532775878906e-01,-1.388031814713031054e-04
7.003568410873413086e-01,6.920805573463439941e-02
6.983934044837951660e-01,8.063478022813796997e-02
6.979072093963623047e-01,3.159083425998687744e-02
6.985760927200317383e-01,-3.095452487468719482e-02
6.980606317520141602e-01,-1.705443672835826874e-02
6.918363571166992188e-01,-5.689496919512748718e-02
6.987390518188476562e-01,-5.470543727278709412e-02
6.982534527778625488e-01,-3.969664871692657471e-02
6.964289546012878418e-01,-7.729594130069017410e-03
6.954073905944824219e-01,-8.538436144590377808e-03
6.863961815834045410e-01,-8.239415287971496582e-02
6.946216821670532227e-01,1.770062372088432312e-02
6.966323256492614746e-01,-8.585496246814727783e-02
6.942601203918457031e-01,-4.377835243940353394e-02
6.971337795257568359e-01,-1.007755473256111145e-01
6.963660717010498047e-01,-3.948472812771797180e-02
6.975043416023254395e-01,7.751620141789317131e-04
5.000000000000000000e-01,-1.539380400258998582e+00
7.029713392257690430e-01,5.155067890882492065e-02
6.956052184104919434e-01,3.673789277672767639e-02
6.973724961280822754e-01,1.120688486844301224e-02
6.952904462814331055e-01,-1.181718148291110992e-02
6.994649171829223633e-01,3.083858871832489967e-03
6.974966526031494141e-01,-2.869830094277858734e-02
7.029871940612792969e-01,-3.275567665696144104e-02
6.996262669563293457e-01,4.159801825881004333e-02
6.983938813209533691e-01,-8.609889075160026550e-03
7.035074234008789062e-01,8.811114728450775146e-02
6.974674463272094727e-01,2.131593041121959686e-02
6.986711621284484863e-01,1.567736826837062836e-02
6.974166631698608398e-01,-2.533974312245845795e-02
7.008070349693298340e-01,3.212548047304153442e-02
6.961858868598937988e-01,-5.088730156421661377e-02
7.030003070831298828e-01,9.738775342702865601e-02
7.019734978675842285e-01,-1.543022878468036652e-02
6.978650689125061035e-01,-2.621532231569290161e-02
7.010746002197265625e-01,5.441456660628318787e-02
6.999437808990478516e-01,6.714665889739990234e-02
7.000048160552978516e-01,8.847576379776000977e-02
7.037086486816406250e-01,1.088940631598234177e-02
7.003316879272460938e-01,5.204342305660247803e-02
7.042593955993652344e-01,4.751256480813026428e-02
7.020900249481201172e-01,1.146673411130905151e-01
6.988969445228576660e-01,-1.595346070826053619e-02
6.991401314735412598e-01,-1.207483652979135513e-02
6.984258890151977539e-01,-2.545246109366416931e-02
6.995983719825744629e-01,-2.436158247292041779e-02
6.997932791709899902e-01,-8.298190310597419739e-03
5.000000000000000000e-01,-1.539380400258998582e+00
6.941727995872497559e-01,5.394053459167480469e-02
6.978017091751098633e-01,1.644319593906402588e-01
6.951478123664855957e-01,1.426823586225509644e-01
6.963630914688110352e-01,2.207420319318771362e-01
7.025868296623229980e-01,1.706357002258300781e-01
7.017728686332702637e-01,7.081326097249984741e-02
6.953048110008239746e-01,1.061078980565071106e-01
7.045288681983947754e-01,5.498876795172691345e-02
6.963591575622558594e-01,6.722924113273620605e-02
6.981019973754882812e-01,1.141684204339981079e-01
6.981560587882995605e-01,1.732344478368759155e-01
7.004957795143127441e-01,6.306996196508407593e-02
6.893500089645385742e-01,3.774422407150268555e-02
7.029813528060913086e-01,1.395238041877746582e-01
7.000483870506286621e-01,1.348381116986274719e-02
7.000752091407775879e-01,-8.942792192101478577e-03
6.968774795532226562e-01,6.993604451417922974e-02
7.004938125610351562e-01,4.640953987836837769e-02
6.988012194633483887e-01,8.748916536569595337e-02
6.996670365333557129e-01,2.924148924648761749e-02
6.980708241462707520e-01,6.377936154603958130e-02
6.997002363204956055e-01,5.974638834595680237e-02
7.027909159660339355e-01,5.177413672208786011e-02
6.943718194961547852e-01,-1.430379459634423256e-03
6.957966685295104980e-01,-4.310347605496644974e-03
6.932510137557983398e-01,9.551908820867538452e-03
6.991725564002990723e-01,-3.959499299526214600e-02
6.993598341941833496e-01,2.701269462704658508e-02
6.975207924842834473e-01,4.987403377890586853e-02
6.935414671897888184e-01,7.983803004026412964e-02
