6.355683207511901855e-01,-1.464649319648742676e+00
6.340368986129760742e-01,-1.383319735527038574e+00
6.721366643905639648e-01,-1.162157893180847168e+00
6.838440895080566406e-01,-7.644064426422119141e-01
6.834412813186645508e-01,-5.188109874725341797e-01
6.850126385688781738e-01,-2.892485260963439941e-01
6.953727006912231445e-01,-9.054589271545410156e-02
6.969811320304870605e-01,-6.929906457662582397e-02
6.912825107574462891e-01,6.733050942420959473e-02
6.971914172172546387e-01,6.149365380406379700e-02
6.960514187812805176e-01,6.266242265701293945e-02
6.954122185707092285e-01,6.977897137403488159e-02
6.943840384483337402e-01,5.364252626895904541e-02
6.949708461761474609e-01,7.731363922357559204e-02
6.946848034858703613e-01,8.112156391143798828e-02
6.947249770164489746e-01,7.945207506418228149e-02
6.941154003143310547e-01,7.920718193054199219e-02
6.955702304840087891e-01,7.566686719655990601e-02
6.950272917747497559e-01,7.700272649526596069e-02
6.948035955429077148e-01,7.883192598819732666e-02
6.951009631156921387e-01,7.665707170963287354e-02
6.958690285682678223e-01,8.005852997303009033e-02
6.953252553939819336e-01,5.977230519056320190e-02
6.968643665313720703e-01,5.215375125408172607e-02
6.959226727485656738e-01,5.944383516907691956e-02
6.971842646598815918e-01,4.189774021506309509e-02
6.952657103538513184e-01,4.985861852765083313e-02
6.909388303756713867e-01,-4.195236787199974060e-02
6.985810995101928711e-01,-6.620945036411285400e-02
6.986846923828125000e-01,-3.584480658173561096e-02
6.975918412208557129e-01,-6.458573043346405029e-02
6.962268352508544922e-01,-1.343201845884323120e-01
6.911414265632629395e-01,-2.063006609678268433e-01
7.002407312393188477e-01,-1.989856958389282227e-01
6.814209222793579102e-01,-1.350627094507217407e-01
7.016444802284240723e-01,-1.945962905883789062e-01
6.971620321273803711e-01,-2.551840543746948242e-01
6.975577473640441895e-01,-3.331553637981414795e-01
6.970255374908447266e-01,-4.239532053470611572e-01
6.982166171073913574e-01,-5.201715230941772461e-01
7.062790393829345703e-01,-2.930147647857666016e-01
7.006492018699645996e-01,-5.710135698318481445e-01
7.033563256263732910e-01,-6.000681519508361816e-01
6.965954303741455078e-01,-7.038966417312622070e-01
6.933636069297790527e-01,-8.979970812797546387e-01
6.909057497978210449e-01,-1.042880773544311523e+00
6.862586736679077148e-01,-1.153125286102294922e+00
6.919953227043151855e-01,-1.035805702209472656e+00
6.894087791442871094e-01,-8.894961476325988770e-01
6.891364455223083496e-01,-6.787621378898620605e-01
6.979426741600036621e-01,-3.576509281992912292e-02
6.893820166587829590e-01,2.437548153102397919e-02
6.841750741004943848e-01,9.723760187625885010e-02
6.412897109985351562e-01,3.553694114089012146e-02
5.000000000000000000e-01,-1.544616388014981689e+00
6.973593831062316895e-01,1.424987167119979858e-01
6.634829640388488770e-01,2.040033042430877686e-01
7.004928588867187500e-01,1.638875752687454224e-01
6.811820864677429199e-01,1.997532993555068970e-01
6.911205649375915527e-01,3.078993260860443115e-01
7.036352157592773438e-01,3.814313113689422607e-01
6.862534880638122559e-01,5.985418558120727539e-01
6.381492614746093750e-01,5.589721798896789551e-01
6.876189112663269043e-01,6.019675731658935547e-01
6.594001650810241699e-01,8.087546825408935547e-01
6.890498399734497070e-01,7.239722609519958496e-01
6.982390284538269043e-01,8.376198410987854004e-01
7.007185816764831543e-01,1.195835828781127930e+00
7.038753032684326172e-01,1.118600964546203613e+00
7.210704088211059570e-01,1.361596465110778809e+00
7.103104591369628906e-01,9.607030749320983887e-01
7.241055369377136230e-01,1.049917459487915039e+00
7.022654414176940918e-01,7.742051482200622559e-01
7.089547514915466309e-01,5.047821998596191406e-01
7.173018455505371094e-01,1.127257868647575378e-01
6.981295943260192871e-01,3.843892812728881836e-01
7.099417448043823242e-01,2.871963977813720703e-01
7.164722681045532227e-01,-1.165351420640945435e-01
7.027285695075988770e-01,-7.023315131664276123e-02
7.055862545967102051e-01,-3.920450210571289062e-01
6.806240677833557129e-01,-4.396882057189941406e-01
6.517936587333679199e-01,-4.264990687370300293e-01
6.965405344963073730e-01,-5.445319414138793945e-01
6.978672742843627930e-01,-5.447560548782348633e-01
6.927938461303710938e-01,-6.361387968063354492e-01
6.957717537879943848e-01,-4.935622513294219971e-01
6.892868876457214355e-01,-7.712211012840270996e-01
5.000000000000000000e-01,-1.544616388014981689e+00
6.924533247947692871e-01,-8.436970114707946777e-01
7.023075819015502930e-01,-1.233754277229309082e+00
6.919454336166381836e-01,-1.013500809669494629e+00
6.864871382713317871e-01,-1.233486890792846680e+00
6.893467307090759277e-01,-7.686582803726196289e-01
6.969281435012817383e-01,-7.858101725578308105e-01
6.894626021385192871e-01,-6.396424174308776855e-01
6.897554397583007812e-01,-9.545512199401855469e-01
5.000000000000000000e-01,-1.544616388014981689e+00
6.892277598381042480e-01,-9.399056434631347656e-01
6.984160542488098145e-01,-1.000121474266052246e+00
6.833917498588562012e-01,-1.108161211013793945e+00
6.924632191658020020e-01,-9.656559228897094727e-01
6.828522682189941406e-01,-8.300150632858276367e-01
6.902883648872375488e-01,-9.773741364479064941e-01
6.549977064132690430e-01,-1.006201028823852539e+00
6.823390126228332520e-01,-8.730902075767517090e-01
6.940424442291259766e-01,-1.035408377647399902e+00
6.895272135734558105e-01,-1.063060998916625977e+00
6.947230696678161621e-01,-9.897267222404479980e-01
6.871460080146789551e-01,-1.080398082733154297e+00
7.026829123497009277e-01,-9.016066193580627441e-01
6.939771175384521484e-01,-1.173490524291992188e+00
6.844286322593688965e-01,-8.262732028961181641e-01
6.927048563957214355e-01,-1.134587049484252930e+00
6.931727528572082520e-01,-1.332529425621032715e+00
6.998440623283386230e-01,-1.458699345588684082e+00
6.873796582221984863e-01,-1.249142289161682129e+00
6.848708987236022949e-01,-1.099371910095214844e+00
6.904792785644531250e-01,-1.079671263694763184e+00
6.820902228355407715e-01,-7.038735151290893555e-01
6.931502223014831543e-01,-5.245318412780761719e-01
6.889316439628601074e-01,-1.306358277797698975e-01
6.661214828491210938e-01,1.087937206029891968e-01
6.973689794540405273e-01,2.158399671316146851e-01
7.023134827613830566e-01,5.180196166038513184e-01
6.991201043128967285e-01,8.136028796434402466e-02
6.952051520347595215e-01,2.727030403912067413e-02
6.969153285026550293e-01,-5.214823409914970398e-02
6.951705813407897949e-01,-1.385433375835418701e-01
6.963655948638916016e-01,-6.452478468418121338e-02
6.958202719688415527e-01,-1.121027022600173950e-01
5.000000000000000000e-01,-1.544616388014981689e+00
5.000000000000000000e-01,1.544616388014981689e+00
5.000000000000000000e-01,1.518436449235066821e+00
5.000000000000000000e-01,1.492256510455151952e+00
5.000000000000000000e-01,1.466076571675237084e+00
5.000000000000000000e-01,1.439896632895322215e+00
5.000000000000000000e-01,1.413716694115407346e+00
5.000000000000000000e-01,1.387536755335492478e+00
5.000000000000000000e-01,1.361356816555577609e+00
5.000000000000000000e-01,1.335176877775662740e+00
5.000000000000000000e-01,1.308996938995747872e+00
5.000000000000000000e-01,1.282817000215833003e+00
5.000000000000000000e-01,1.256637061435918135e+00
5.000000000000000000e-01,1.230457122656003266e+00
5.000000000000000000e-01,1.204277183876088397e+00
5.000000000000000000e-01,1.178097245096173529e+00
5.000000000000000000e-01,1.151917306316258660e+00
5.000000000000000000e-01,1.125737367536343791e+00
5.000000000000000000e-01,1.099557428756428923e+00
5.000000000000000000e-01,1.073377489976514054e+00
5.000000000000000000e-01,1.047197551196599186e+00
5.000000000000000000e-01,1.021017612416684317e+00
5.000000000000000000e-01,9.948376736367693374e-01
5.000000000000000000e-01,9.686577348568543577e-01
5.000000000000000000e-01,9.424777960769393781e-01
5.000000000000000000e-01,9.162978572970243984e-01
5.000000000000000000e-01,8.901179185171094188e-01
5.000000000000000000e-01,8.639379797371944392e-01
5.000000000000000000e-01,8.377580409572794595e-01
5.000000000000000000e-01,8.115781021773644799e-01
5.000000000000000000e-01,7.853981633974495002e-01
5.000000000000000000e-01,7.592182246175345206e-01
6.999999999999999556e-01,0.000000000000000000e+00
6.999999999999999556e-01,0.000000000000000000e+00
6.999999999999999556e-01,0.000000000000000000e+00
6.999999999999999556e-01,0.000000000000000000e+00
6.999999999999999556e-01,0.000000000000000000e+00
6.999999999999999556e-01,0.000000000000000000e+00
6.999999999999999556e-01,0.000000000000000000e+00
6.999999999999999556e-01,0.000000000000000000e+00
6.999999999999999556e-01,0.000000000000000000e+00
6.999999999999999556e-01,0.000000000000000000e+00
6.973536014556884766e-01,7.651833351701498032e-03
7.018977403640747070e-01,2.121668308973312378e-02
6.977715492248535156e-01,2.056905068457126617e-02
6.944533586502075195e-01,2.360059879720211029e-02
7.006134390830993652e-01,5.467662960290908813e-02
6.943351626396179199e-01,4.508692771196365356e-02
6.952103972434997559e-01,9.153226390480995178e-03
6.992496252059936523e-01,1.147407516837120056e-01
7.016217708587646484e-01,-5.139338597655296326e-02
6.970632076263427734e-01,-1.211139634251594543e-01
7.001895308494567871e-01,-6.666985899209976196e-02
7.007113695144653320e-01,1.086912602186203003e-01
7.035729289054870605e-01,-1.256827712059020996e-01
7.067046165466308594e-01,3.894516266882419586e-03
7.060631513595581055e-01,-1.799807883799076080e-02
7.069069743156433105e-01,1.539172232151031494e-01
6.742845773696899414e-01,5.363362282514572144e-02
6.986585855484008789e-01,-2.939218580722808838e-01
6.999224424362182617e-01,2.170109935104846954e-02
6.943311095237731934e-01,1.885474473237991333e-02
7.104644775390625000e-01,-2.132475674152374268e-01
6.968139410018920898e-01,-2.871822714805603027e-01
7.013069391250610352e-01,-2.950419485569000244e-01
7.066006064414978027e-01,7.143271714448928833e-02
7.094103097915649414e-01,5.300756916403770447e-02
7.008299231529235840e-01,-1.453183144330978394e-01
6.962040662765502930e-01,-1.635593324899673462e-01
6.955003738403320312e-01,-7.988674938678741455e-02
6.972075104713439941e-01,-1.210932135581970215e-01
7.007690072059631348e-01,-5.645567923784255981e-02
5.000000000000000000e-01,-1.544616388014981689e+00
5.000000000000000000e-01,-1.544616388014981689e+00
5.000000000000000000e-01,-1.518436449235066821e+00
5.000000000000000000e-01,-1.492256510455151952e+00
5.000000000000000000e-01,-1.466076571675237084e+00
5.000000000000000000e-01,-1.439896632895322215e+00
5.000000000000000000e-01,-1.413716694115407346e+00
5.000000000000000000e-01,-1.387536755335492478e+00
5.000000000000000000e-01,-1.361356816555577609e+00
5.000000000000000000e-01,-1.335176877775662740e+00
5.000000000000000000e-01,-1.308996938995747872e+00
6.920924782752990723e-01,-7.131485939025878906e-01
6.913564205169677734e-01,-7.744356989860534668e-01
6.904163360595703125e-01,-8.424285650253295898e-01
6.970980167388916016e-01,-6.433712244033813477e-01
6.923277378082275391e-01,-8.192244768142700195e-01
6.906230449676513672e-01,-7.308652400970458984e-01
6.884552836418151855e-01,-7.638490796089172363e-01
6.884614229202270508e-01,-7.643002867698669434e-01
6.866177916526794434e-01,-8.212952613830566406e-01
6.810138821601867676e-01,-6.954616308212280273e-01
6.840183734893798828e-01,-9.525042772293090820e-01
6.870940923690795898e-01,-7.380654811859130859e-01
6.853344440460205078e-01,-6.402451992034912109e-01
6.914059519767761230e-01,-5.785925984382629395e-01
6.952706575393676758e-01,-3.463254868984222412e-01
6.913654208183288574e-01,-3.928973376750946045e-01
6.910852789878845215e-01,-5.373228192329406738e-01
6.872274279594421387e-01,-3.131368160247802734e-01
6.972233057022094727e-01,-2.550243139266967773e-01
6.960804462432861328e-01,-2.610289454460144043e-01
6.945454478263854980e-01,-1.682632416486740112e-01
6.976063251495361328e-01,-2.377190440893173218e-01
6.989651322364807129e-01,-2.512595951557159424e-01
6.947768926620483398e-01,-3.025608062744140625e-01
6.975572705268859863e-01,-2.928304374217987061e-01
7.032715678215026855e-01,-1.992141455411911011e-01
6.992052197456359863e-01,-2.325424700975418091e-01
7.006204724311828613e-01,-1.962261348962783813e-01
6.953220963478088379e-01,-2.702409029006958008e-01
6.985377669334411621e-01,-3.004107177257537842e-01
6.932047009468078613e-01,-4.691134691238403320e-01
6.991621255874633789e-01,-5.916008949279785156e-01
