7.033157348632812500e-01,-3.215359449386596680e-01
6.980156302452087402e-01,-3.254957795143127441e-01
6.969662308692932129e-01,-4.992004334926605225e-01
6.966212391853332520e-01,-4.601504802703857422e-01
6.930324435234069824e-01,-6.694709062576293945e-01
7.080562710762023926e-01,-3.307156860828399658e-01
6.993225216865539551e-01,-5.823382735252380371e-01
7.042557597160339355e-01,-3.917652964591979980e-01
7.205409407615661621e-01,2.214939445257186890e-01
7.080745100975036621e-01,-1.405081897974014282e-01
7.052266597747802734e-01,-1.816479265689849854e-01
7.007735967636108398e-01,-2.975304126739501953e-01
7.003101110458374023e-01,-3.038807511329650879e-01
6.979241371154785156e-01,-2.185308039188385010e-01
6.976206898689270020e-01,-1.274898946285247803e-01
6.996765136718750000e-01,-1.567627489566802979e-01
7.000727653503417969e-01,-3.393684029579162598e-01
6.986091136932373047e-01,-2.542456388473510742e-01
6.854428052902221680e-01,-2.001555263996124268e-01
6.945208907127380371e-01,-6.247751712799072266e-01
6.937230229377746582e-01,-4.306384921073913574e-01
6.975681781768798828e-01,-7.583302855491638184e-01
6.920526623725891113e-01,-7.553625106811523438e-01
5.000000000000000000e-01,1.544616388014981689e+00
0.000000000000000000e+00,1.570796326794896558e+00
0.000000000000000000e+00,1.570796326794896558e+00
0.000000000000000000e+00,1.570796326794896558e+00
0.000000000000000000e+00,1.570796326794896558e+00
0.000000000000000000e+00,1.570796326794896558e+00
0.000000000000000000e+00,1.570796326794896558e+00
0.000000000000000000e+00,1.570796326794896558e+00
0.000000000000000000e+00,1.570796326794896558e+00
0.000000000000000000e+00,1.570796326794896558e+00
0.000000000000000000e+00,1.570796326794896558e+00
0.000000000000000000e+00,1.570796326794896558e+00
0.000000000000000000e+00,1.570796326794896558e+00
0.000000000000000000e+00,1.570796326794896558e+00
0.000000000000000000e+00,1.570796326794896558e+00
0.000000000000000000e+00,1.570796326794896558e+00
0.000000000000000000e+00,1.570796326794896558e+00
0.000000000000000000e+00,1.570796326794896558e+00
0.000000000000000000e+00,1.570796326794896558e+00
0.000000000000000000e+00,1.570796326794896558e+00
0.000000000000000000e+00,1.570796326794896558e+00
0.000000000000000000e+00,1.570796326794896558e+00
0.000000000000000000e+00,1.570796326794896558e+00
0.000000000000000000e+00,0.000000000000000000e+00
6.999999999999999556e-01,0.000000000000000000e+00
6.940615177154541016e-01,-8.383938111364841461e-03
5.000000000000000000e-01,-1.544616388014981689e+00
5.000000000000000000e-01,-1.518436449235066821e+00
5.000000000000000000e-01,-1.492256510455151952e+00
5.000000000000000000e-01,-1.466076571675237084e+00
5.000000000000000000e-01,-1.439896632895322215e+00
5.000000000000000000e-01,-1.413716694115407346e+00
5.000000000000000000e-01,-1.387536755335492478e+00
5.000000000000000000e-01,-1.361356816555577609e+00
5.000000000000000000e-01,-1.335176877775662740e+00
5.000000000000000000e-01,-1.308996938995747872e+00
5.000000000000000000e-01,-1.282817000215833003e+00
5.000000000000000000e-01,-1.256637061435918135e+00
5.000000000000000000e-01,-1.230457122656003266e+00
5.000000000000000000e-01,-1.204277183876088397e+00
5.000000000000000000e-01,-1.178097245096173529e+00
6.999999999999999556e-01,0.000000000000000000e+00
6.999999999999999556e-01,0.000000000000000000e+00
6.999999999999999556e-01,0.000000000000000000e+00
6.999999999999999556e-01,0.000000000000000000e+00
6.999999999999999556e-01,0.000000000000000000e+00
6.999999999999999556e-01,0.000000000000000000e+00
6.999999999999999556e-01,0.000000000000000000e+00
6.999999999999999556e-01,0.000000000000000000e+00
6.999999999999999556e-01,0.000000000000000000e+00
6.999999999999999556e-01,0.000000000000000000e+00
6.999999999999999556e-01,0.000000000000000000e+00
6.999999999999999556e-01,0.000000000000000000e+00
6.999999999999999556e-01,0.000000000000000000e+00
6.999999999999999556e-01,0.000000000000000000e+00
6.999999999999999556e-01,0.000000000000000000e+00
7.172905802726745605e-01,1.108011245727539062e+00
7.173509001731872559e-01,7.764688134193420410e-01
7.200234532356262207e-01,7.124789357185363770e-01
7.318888306617736816e-01,5.285934805870056152e-01
7.143138647079467773e-01,4.690408110618591309e-01
7.047563791275024414e-01,3.936247825622558594e-01
7.096118330955505371e-01,1.327307820320129395e-01
7.043969035148620605e-01,1.692069023847579956e-01
6.976138353347778320e-01,5.592315644025802612e-02
6.958100795745849609e-01,-1.377987712621688843e-01
6.973735094070434570e-01,-2.118528783321380615e-01
6.924681663513183594e-01,-2.780836522579193115e-01
6.925476193428039551e-01,-2.561850547790527344e-01
6.586160659790039062e-01,-1.720779687166213989e-01
6.986600756645202637e-01,-6.840208917856216431e-02
6.763588786125183105e-01,-3.305770456790924072e-01
6.900674104690551758e-01,-1.505967695266008377e-03
6.963701248168945312e-01,2.036460116505622864e-02
6.899476051330566406e-01,-2.093695402145385742e-01
4.988964200019836426e-01,6.311792135238647461e-01
6.683921217918395996e-01,5.042003989219665527e-01
6.866680383682250977e-01,9.353932142257690430e-01
7.001188993453979492e-01,8.992503881454467773e-01
7.076371312141418457e-01,8.993324041366577148e-01
7.064938545227050781e-01,5.493480563163757324e-01
6.967496871948242188e-01,1.769875138998031616e-01
6.947444081306457520e-01,6.787531822919845581e-02
6.961990594863891602e-01,6.060997769236564636e-02
6.956961750984191895e-01,4.314061254262924194e-02
6.962667107582092285e-01,4.483590275049209595e-02
5.000000000000000000e-01,-1.544616388014981689e+00
6.943950653076171875e-01,6.827408075332641602e-02
6.941399574279785156e-01,5.114968493580818176e-02
6.971217989921569824e-01,3.694087266921997070e-02
6.962895989418029785e-01,5.726093426346778870e-02
7.012011408805847168e-01,-3.629326447844505310e-02
6.986523270606994629e-01,-7.481654733419418335e-02
6.968818902969360352e-01,-3.259792923927307129e-01
6.925824880599975586e-01,-1.270290017127990723e-01
6.988517045974731445e-01,-1.283673644065856934e-01
6.951645016670227051e-01,-2.743999958038330078e-01
6.954125761985778809e-01,-1.357335597276687622e-01
6.995621919631958008e-01,-2.235470712184906006e-01
7.011020779609680176e-01,-1.774405837059020996e-01
6.975607872009277344e-01,-7.557305693626403809e-02
6.919034719467163086e-01,-1.501853764057159424e-01
6.966530680656433105e-01,-2.601954638957977295e-01
6.992756128311157227e-01,-4.610823988914489746e-01
6.959746479988098145e-01,-4.315265417098999023e-01
6.847810745239257812e-01,-5.189337134361267090e-01
6.863952279090881348e-01,-4.149675667285919189e-01
6.203243136405944824e-01,-5.820351839065551758e-01
6.556203961372375488e-01,-7.485630512237548828e-01
6.057857871055603027e-01,-1.592868685722351074e+00
6.857761740684509277e-01,-1.351292610168457031e+00
6.760228872299194336e-01,-1.394242286682128906e+00
6.658626198768615723e-01,-1.532036066055297852e+00
6.863095164299011230e-01,-8.920479416847229004e-01
6.802169680595397949e-01,-9.104428887367248535e-01
6.865953207015991211e-01,-3.429863750934600830e-01
6.934912800788879395e-01,-8.734396100044250488e-02
6.949322223663330078e-01,5.499762669205665588e-02
6.938590407371520996e-01,2.855413779616355896e-02
5.000000000000000000e-01,-1.544616388014981689e+00
6.945899128913879395e-01,9.483973681926727295e-02
6.986336708068847656e-01,1.692779809236526489e-01
6.936329007148742676e-01,2.011102735996246338e-01
7.010566592216491699e-01,1.838128566741943359e-01
6.750079989433288574e-01,2.826377153396606445e-01
6.978115439414978027e-01,3.104282617568969727e-01
6.921566128730773926e-01,3.717921972274780273e-01
6.702391505241394043e-01,3.202462792396545410e-01
6.989914774894714355e-01,2.925168573856353760e-01
6.949312090873718262e-01,3.563319146633148193e-01
7.056795954704284668e-01,4.558877348899841309e-01
6.994060277938842773e-01,5.656484961509704590e-01
7.111995220184326172e-01,6.904654502868652344e-01
6.982091665267944336e-01,5.115115642547607422e-01
7.038566470146179199e-01,5.784318447113037109e-01
7.039811611175537109e-01,5.159955620765686035e-01
6.977055072784423828e-01,6.899328827857971191e-01
7.055194973945617676e-01,4.335398375988006592e-01
7.072470188140869141e-01,2.968746125698089600e-01
7.062329649925231934e-01,5.588365793228149414e-01
7.044699788093566895e-01,2.905964255332946777e-01
7.014155387878417969e-01,2.674512863159179688e-01
7.044150233268737793e-01,2.621327042579650879e-01
7.103593349456787109e-01,3.534944355487823486e-01
7.051801681518554688e-01,3.049164712429046631e-01
7.015216350555419922e-01,1.236246451735496521e-01
7.023042440414428711e-01,1.970249265432357788e-01
7.005440592765808105e-01,1.139839664101600647e-01
7.030769586563110352e-01,2.289387769997119904e-02
7.044397592544555664e-01,1.202189102768898010e-01
6.995496153831481934e-01,2.197137475013732910e-02
6.999999999999999556e-01,0.000000000000000000e+00
7.019293904304504395e-01,1.504393368959426880e-01
7.026433944702148438e-01,4.612927138805389404e-02
6.965767145156860352e-01,1.413564980030059814e-01
6.996390223503112793e-01,-3.621961921453475952e-02
7.073356509208679199e-01,2.168242186307907104e-01
6.972525119781494141e-01,-3.343573585152626038e-02
6.964938044548034668e-01,8.622373640537261963e-02
6.971835494041442871e-01,-8.236050605773925781e-02
6.956617236137390137e-01,-6.094295158982276917e-02
6.995900273323059082e-01,-2.212854474782943726e-02
6.880913376808166504e-01,-1.282952576875686646e-01
6.980763673782348633e-01,-1.157222315669059753e-01
6.955205798149108887e-01,-3.730877861380577087e-02
6.967170834541320801e-01,-1.144593916251324117e-04
6.932710409164428711e-01,2.438883669674396515e-02
6.958464384078979492e-01,-1.438774168491363525e-01
7.114238142967224121e-01,1.157129928469657898e-01
6.952712535858154297e-01,-5.767650157213211060e-02
6.967846751213073730e-01,-1.607955992221832275e-01
6.963366866111755371e-01,-1.008964553475379944e-01
6.996249556541442871e-01,-2.287881635129451752e-02
6.969274282455444336e-01,5.056339316070079803e-03
6.958564519882202148e-01,7.343453820794820786e-03
6.939995288848876953e-01,3.683373704552650452e-02
7.009844779968261719e-01,6.392179429531097412e-02
6.947318911552429199e-01,1.553019415587186813e-02
6.970118284225463867e-01,4.793171212077140808e-02
6.994007229804992676e-01,4.458158090710639954e-02
6.954062581062316895e-01,6.049861758947372437e-02
5.000000000000000000e-01,-1.544616388014981689e+00
5.000000000000000000e-01,1.544616388014981689e+00
5.000000000000000000e-01,1.518436449235066821e+00
5.000000000000000000e-01,1.492256510455151952e+00
5.000000000000000000e-01,1.466076571675237084e+00
5.000000000000000000e-01,1.439896632895322215e+00
5.000000000000000000e-01,1.413716694115407346e+00
5.000000000000000000e-01,1.387536755335492478e+00
5.000000000000000000e-01,1.361356816555577609e+00
5.000000000000000000e-01,1.335176877775662740e+00
5.000000000000000000e-01,1.308996938995747872e+00
5.000000000000000000e-01,1.282817000215833003e+00
5.000000000000000000e-01,1.256637061435918135e+00
5.000000000000000000e-01,1.230457122656003266e+00
5.000000000000000000e-01,1.204277183876088397e+00
5.000000000000000000e-01,1.178097245096173529e+00
5.000000000000000000e-01,1.151917306316258660e+00
5.000000000000000000e-01,1.125737367536343791e+00
5.000000000000000000e-01,1.099557428756428923e+00
5.000000000000000000e-01,1.073377489976514054e+00
5.000000000000000000e-01,1.047197551196599186e+00
5.000000000000000000e-01,1.021017612416684317e+00
5.000000000000000000e-01,9.948376736367693374e-01
5.000000000000000000e-01,9.686577348568543577e-01
6.999999999999999556e-01,0.000000000000000000e+00
6.999999999999999556e-01,0.000000000000000000e+00
6.999999999999999556e-01,0.000000000000000000e+00
6.999999999999999556e-01,0.000000000000000000e+00
6.999999999999999556e-01,0.000000000000000000e+00
6.999999999999999556e-01,0.000000000000000000e+00
6.999999999999999556e-01,0.000000000000000000e+00
6.999999999999999556e-01,0.000000000000000000e+00
6.999999999999999556e-01,0.000000000000000000e+00
6.999999999999999556e-01,0.000000000000000000e+00
6.999999999999999556e-01,0.000000000000000000e+00
6.999999999999999556e-01,0.000000000000000000e+00
6.999999999999999556e-01,0.000000000000000000e+00
6.999999999999999556e-01,0.000000000000000000e+00
6.837746500968933105e-01,-1.111208796501159668e+00
6.923947334289550781e-01,-7.442910671234130859e-01
6.946411132812500000e-01,-8.953185081481933594e-01
6.942763924598693848e-01,-2.389414757490158081e-01
6.975630521774291992e-01,5.731347575783729553e-02
7.003915905952453613e-01,6.321181356906890869e-02
7.024412155151367188e-01,5.916393175721168518e-02
6.997143030166625977e-01,5.308615043759346008e-02
6.992418766021728516e-01,9.129563719034194946e-02
6.980111002922058105e-01,1.344700157642364502e-01
6.972162127494812012e-01,8.500291407108306885e-02
7.004010677337646484e-01,9.380260854959487915e-02
7.022721171379089355e-01,2.141455113887786865e-01
6.951102614402770996e-01,2.179336249828338623e-01
7.038571238517761230e-01,3.163843154907226562e-01
6.846860051155090332e-01,2.579225897789001465e-01
6.976634860038757324e-01,2.981095314025878906e-01
7.023578286170959473e-01,2.769527435302734375e-01
7.005454897880554199e-01,3.748778700828552246e-01
6.982849240303039551e-01,3.491417169570922852e-01
7.003021836280822754e-01,4.139648675918579102e-01
6.995834112167358398e-01,4.719288647174835205e-01
6.910051703453063965e-01,4.149226546287536621e-01
6.973013877868652344e-01,4.246483743190765381e-01
6.953127980232238770e-01,5.556786060333251953e-01
7.011810541152954102e-01,3.865600824356079102e-01
7.028233408927917480e-01,4.447468519210815430e-01
7.072948217391967773e-01,4.578770697116851807e-01
7.031102180480957031e-01,4.843497574329376221e-01
7.011375427246093750e-01,3.141620457172393799e-01
7.006390690803527832e-01,2.121973037719726562e-01
6.999999999999999556e-01,0.000000000000000000e+00
7.028344869613647461e-01,3.295609652996063232e-01
7.065695524215698242e-01,3.301988542079925537e-01
7.072429060935974121e-01,3.226219117641448975e-01
6.878601908683776855e-01,3.389144241809844971e-01
6.999084949493408203e-01,1.213907450437545776e-01
6.983119249343872070e-01,2.325852066278457642e-01
6.990448832511901855e-01,2.301261723041534424e-01
7.046104073524475098e-01,1.819555610418319702e-01
7.007867097854614258e-01,1.313984096050262451e-01
6.998820900917053223e-01,2.720296150073409081e-03
7.061337828636169434e-01,1.257691439241170883e-02
7.074588537216186523e-01,1.585185080766677856e-01
6.983235478401184082e-01,-1.341912299394607544e-01
6.981814503669738770e-01,-2.706424891948699951e-01
6.921203732490539551e-01,-3.330401377752423286e-03
6.964982151985168457e-01,-2.139342129230499268e-01
6.871752142906188965e-01,-1.736643612384796143e-01
6.960858702659606934e-01,-1.586429029703140259e-01
6.969510912895202637e-01,-5.183880329132080078e-01
7.018048763275146484e-01,-1.519379913806915283e-01
7.042557597160339355e-01,-2.409748733043670654e-01
7.039187550544738770e-01,1.802539378404617310e-01
7.152215242385864258e-01,3.300769329071044922e-01
7.094168663024902344e-01,3.750969171524047852e-01
7.176318764686584473e-01,3.012851178646087646e-01
7.006276845932006836e-01,1.334288120269775391e-01
6.978871226310729980e-01,6.179115176200866699e-02
6.945313811302185059e-01,1.962556093931198120e-01
7.008774876594543457e-01,1.666356176137924194e-01
6.881939172744750977e-01,4.892995208501815796e-02
5.000000000000000000e-01,-1.544616388014981689e+00
7.023898363113403320e-01,1.280050128698348999e-01
6.958412528038024902e-01,6.297370046377182007e-02
6.973248124122619629e-01,4.709261283278465271e-02
6.987600326538085938e-01,1.391695588827133179e-01
6.937795877456665039e-01,9.302039444446563721e-02
6.984987258911132812e-01,1.524197869002819061e-02
7.014867067337036133e-01,5.735405720770359039e-03
6.978228092193603516e-01,3.978264052420854568e-03
7.004731297492980957e-01,4.035163670778274536e-02
6.981754899024963379e-01,4.170892387628555298e-02
7.013507485389709473e-01,-1.649021357297897339e-02
7.050812840461730957e-01,1.560709327459335327e-01
6.980002522468566895e-01,8.597108535468578339e-03
6.968237757682800293e-01,-7.927551632747054100e-04
6.948210000991821289e-01,-5.117464810609817505e-03
6.954736709594726562e-01,-2.213546540588140488e-03
6.978345513343811035e-01,-5.045461654663085938e-02
6.963636875152587891e-01,-9.715802036225795746e-03
6.958370208740234375e-01,8.759760297834873199e-03
6.950273513793945312e-01,-1.033663656562566757e-02
6.954985260963439941e-01,-5.341760814189910889e-02
6.963834762573242188e-01,2.618319354951381683e-02
6.958113312721252441e-01,2.469308115541934967e-02
7.016229629516601562e-01,-4.825344309210777283e-02
6.987552046775817871e-01,-4.249181598424911499e-02
6.977903246879577637e-01,-3.510339930653572083e-02
6.974945664405822754e-01,-3.156660869717597961e-02
6.945619583129882812e-01,-1.074337121099233627e-02
6.968533396720886230e-01,-5.487190932035446167e-02
6.973295211791992188e-01,-1.057978626340627670e-02
5.000000000000000000e-01,-1.544616388014981689e+00
6.997337341308593750e-01,2.832722105085849762e-02
6.922242045402526855e-01,3.465794958174228668e-03
6.984472870826721191e-01,-3.964942879974842072e-03
6.953520774841308594e-01,-1.454483624547719955e-02
6.998698115348815918e-01,-7.963986136019229889e-03
6.950306296348571777e-01,3.791908919811248779e-02
6.952837109565734863e-01,2.382989227771759033e-02
6.962242126464843750e-01,7.163410633802413940e-02
6.965527534484863281e-01,-5.654949229210615158e-03
6.983404159545898438e-01,2.209321968257427216e-02
6.956458687782287598e-01,5.681543424725532532e-02
6.987581253051757812e-01,3.963781893253326416e-02
6.979067921638488770e-01,4.215879738330841064e-02
6.958346962928771973e-01,5.769707635045051575e-02
7.019522786140441895e-01,4.807985201478004456e-02
6.953451037406921387e-01,2.179369144141674042e-02
6.961214542388916016e-01,9.618087112903594971e-02
6.952886581420898438e-01,3.406722843647003174e-02
6.963199377059936523e-01,1.527623236179351807e-01
7.009934186935424805e-01,1.292722821235656738e-01
6.990216970443725586e-01,1.004333645105361938e-01
7.037782669067382812e-01,5.027323216199874878e-02
6.968598961830139160e-01,6.208037585020065308e-02
6.982949376106262207e-01,7.179623097181320190e-02
6.964181065559387207e-01,2.193919941782951355e-02
6.989134550094604492e-01,6.361192464828491211e-02
6.993674635887145996e-01,9.816866368055343628e-02
6.961528658866882324e-01,7.339736074209213257e-02
6.965168714523315430e-01,1.167514920234680176e-01
6.991043686866760254e-01,3.824791312217712402e-02
