6.982831358909606934e-01,1.710322201251983643e-01
7.021893858909606934e-01,1.843511462211608887e-01
6.971285939216613770e-01,2.037801891565322876e-01
6.690935492515563965e-01,4.210119321942329407e-02
6.944973468780517578e-01,1.632693707942962646e-01
6.987660527229309082e-01,3.895929157733917236e-01
6.961314082145690918e-01,4.269079267978668213e-01
6.962864398956298828e-01,4.138171374797821045e-01
6.702944040298461914e-01,4.965021908283233643e-01
6.936730146408081055e-01,6.079567670822143555e-01
6.923637986183166504e-01,5.838053226470947266e-01
6.929419636726379395e-01,4.466348886489868164e-01
6.960921287536621094e-01,8.706234693527221680e-01
6.802644729614257812e-01,9.674720168113708496e-01
6.722259521484375000e-01,9.737573266029357910e-01
6.786019206047058105e-01,8.167963624000549316e-01
6.644490957260131836e-01,8.887118697166442871e-01
6.870872974395751953e-01,6.923983693122863770e-01
6.872720122337341309e-01,7.437120676040649414e-01
6.805453896522521973e-01,4.772175252437591553e-01
6.891890168190002441e-01,-2.903630025684833527e-02
6.901500225067138672e-01,-6.026165485382080078e-01
6.971268653869628906e-01,-1.233364820480346680e+00
6.879802346229553223e-01,-1.169634342193603516e+00
6.989245414733886719e-01,-9.377843737602233887e-01
6.912872195243835449e-01,-8.813940882682800293e-01
6.894848942756652832e-01,-1.199078321456909180e+00
6.899434328079223633e-01,-8.057295083999633789e-01
5.000000000000000000e-01,-1.544616388014981689e+00
0.000000000000000000e+00,1.570796326794896558e+00
0.000000000000000000e+00,1.570796326794896558e+00
0.000000000000000000e+00,1.570796326794896558e+00
0.000000000000000000e+00,1.570796326794896558e+00
0.000000000000000000e+00,1.570796326794896558e+00
0.000000000000000000e+00,1.570796326794896558e+00
0.000000000000000000e+00,1.570796326794896558e+00
0.000000000000000000e+00,1.570796326794896558e+00
0.000000000000000000e+00,1.570796326794896558e+00
0.000000000000000000e+00,1.570796326794896558e+00
0.000000000000000000e+00,1.570796326794896558e+00
0.000000000000000000e+00,1.570796326794896558e+00
0.000000000000000000e+00,1.570796326794896558e+00
0.000000000000000000e+00,1.570796326794896558e+00
0.000000000000000000e+00,1.570796326794896558e+00
0.000000000000000000e+00,1.570796326794896558e+00
0.000000000000000000e+00,1.570796326794896558e+00
0.000000000000000000e+00,1.570796326794896558e+00
0.000000000000000000e+00,1.570796326794896558e+00
0.000000000000000000e+00,1.570796326794896558e+00
0.000000000000000000e+00,1.570796326794896558e+00
0.000000000000000000e+00,1.570796326794896558e+00
0.000000000000000000e+00,1.570796326794896558e+00
0.000000000000000000e+00,1.570796326794896558e+00
0.000000000000000000e+00,1.570796326794896558e+00
0.000000000000000000e+00,1.570796326794896558e+00
0.000000000000000000e+00,1.570796326794896558e+00
0.000000000000000000e+00,1.570796326794896558e+00
0.000000000000000000e+00,1.570796326794896558e+00
0.000000000000000000e+00,1.570796326794896558e+00
0.000000000000000000e+00,1.570796326794896558e+00
0.000000000000000000e+00,1.570796326794896558e+00
0.000000000000000000e+00,1.570796326794896558e+00
0.000000000000000000e+00,1.570796326794896558e+00
0.000000000000000000e+00,0.000000000000000000e+00
5.000000000000000000e-01,-1.544616388014981689e+00
5.000000000000000000e-01,-1.518436449235066821e+00
6.945505142211914062e-01,-8.269709944725036621e-01
5.000000000000000000e-01,-1.544616388014981689e+00
5.000000000000000000e-01,-1.518436449235066821e+00
5.000000000000000000e-01,-1.492256510455151952e+00
5.000000000000000000e-01,-1.466076571675237084e+00
5.000000000000000000e-01,-1.439896632895322215e+00
5.000000000000000000e-01,-1.413716694115407346e+00
5.000000000000000000e-01,-1.387536755335492478e+00
5.000000000000000000e-01,-1.361356816555577609e+00
5.000000000000000000e-01,-1.335176877775662740e+00
5.000000000000000000e-01,-1.308996938995747872e+00
5.000000000000000000e-01,-1.282817000215833003e+00
5.000000000000000000e-01,-1.256637061435918135e+00
5.000000000000000000e-01,-1.230457122656003266e+00
5.000000000000000000e-01,-1.204277183876088397e+00
5.000000000000000000e-01,-1.178097245096173529e+00
5.000000000000000000e-01,-1.151917306316258660e+00
5.000000000000000000e-01,-1.125737367536343791e+00
6.999999999999999556e-01,0.000000000000000000e+00
6.999999999999999556e-01,0.000000000000000000e+00
6.999999999999999556e-01,0.000000000000000000e+00
6.999999999999999556e-01,0.000000000000000000e+00
6.999999999999999556e-01,0.000000000000000000e+00
6.999999999999999556e-01,0.000000000000000000e+00
6.607072949409484863e-01,1.343145012855529785e+00
7.162323594093322754e-01,1.234507203102111816e+00
7.171874046325683594e-01,9.513965845108032227e-01
7.061986923217773438e-01,6.408844590187072754e-01
7.216886281967163086e-01,8.922071456909179688e-01
7.202053666114807129e-01,5.419571399688720703e-01
7.162055373191833496e-01,5.511984825134277344e-01
7.177159190177917480e-01,5.699251294136047363e-01
7.091798186302185059e-01,5.353246331214904785e-01
7.064520716667175293e-01,2.033572047948837280e-01
7.005091905593872070e-01,8.053402602672576904e-02
6.955513954162597656e-01,-6.037336587905883789e-02
6.967431902885437012e-01,-6.400775909423828125e-02
6.996861100196838379e-01,-8.420732617378234863e-02
6.978619098663330078e-01,-1.027479469776153564e-01
6.969721913337707520e-01,-2.153861820697784424e-01
6.983808875083923340e-01,-1.410641670227050781e-01
6.995302438735961914e-01,-6.677903234958648682e-02
6.879873275756835938e-01,-1.784865707159042358e-01
6.957359313964843750e-01,-1.475339531898498535e-01
7.018309235572814941e-01,-1.183703839778900146e-01
6.992518901824951172e-01,-8.099460601806640625e-02
7.007402181625366211e-01,-7.090234011411666870e-02
6.934402585029602051e-01,-1.662944108247756958e-01
6.958860754966735840e-01,-1.619340181350708008e-01
6.917916536331176758e-01,-1.955949813127517700e-01
6.948614716529846191e-01,-2.162823975086212158e-01
6.979827284812927246e-01,-2.394816428422927856e-01
6.987836360931396484e-01,-2.155511528253555298e-01
6.938283443450927734e-01,-3.462332189083099365e-01
5.000000000000000000e-01,-1.544616388014981689e+00
6.972090601921081543e-01,-9.780927747488021851e-02
6.938459277153015137e-01,-1.195749044418334961e-01
6.979888081550598145e-01,-3.853868320584297180e-02
6.925901174545288086e-01,-1.140224114060401917e-01
6.982902288436889648e-01,-1.680582016706466675e-01
7.020723223686218262e-01,-5.890051368623971939e-03
7.017104625701904297e-01,1.084465309977531433e-01
6.988323926925659180e-01,-1.084793955087661743e-01
6.972965002059936523e-01,1.279486566781997681e-01
6.981922984123229980e-01,-8.940953761339187622e-02
6.963732242584228516e-01,-7.351402938365936279e-02
6.915018558502197266e-01,-9.901896864175796509e-02
7.060472965240478516e-01,-7.405268400907516479e-02
6.741374135017395020e-01,-1.162505298852920532e-01
6.982291340827941895e-01,-2.086303085088729858e-01
6.876370906829833984e-01,-1.920930743217468262e-01
6.526030302047729492e-01,-1.190854702144861221e-02
6.953744292259216309e-01,-3.505154252052307129e-01
6.664693951606750488e-01,-3.085336685180664062e-01
5.763432979583740234e-01,1.513948105275630951e-02
6.993869543075561523e-01,-1.920161992311477661e-01
5.443299412727355957e-01,3.033433258533477783e-01
5.910228490829467773e-01,5.100684762001037598e-01
6.623880267143249512e-01,5.522163510322570801e-01
6.848518848419189453e-01,1.650912463665008545e-01
6.955963373184204102e-01,-1.201886683702468872e-02
6.945208907127380371e-01,-1.098829042166471481e-02
6.960777044296264648e-01,-1.024201861582696438e-03
6.942741870880126953e-01,7.471945602446794510e-03
6.950582265853881836e-01,1.988580077886581421e-02
5.000000000000000000e-01,-1.544616388014981689e+00
6.956700682640075684e-01,-5.930484458804130554e-02
6.943457722663879395e-01,-1.440148800611495972e-01
6.978722810745239258e-01,2.400481700897216797e-02
6.956866383552551270e-01,8.071743883192539215e-03
6.999915242195129395e-01,2.417054586112499237e-02
6.997742056846618652e-01,-8.575059473514556885e-02
6.933091878890991211e-01,-1.905805170536041260e-01
6.941271424293518066e-01,-1.304504871368408203e-01
6.992127299308776855e-01,1.035330072045326233e-01
6.976915597915649414e-01,9.742148220539093018e-02
6.980758309364318848e-01,-1.248679980635643005e-01
6.967897415161132812e-01,-1.428184062242507935e-01
7.006589174270629883e-01,-2.309695072472095490e-02
6.997296810150146484e-01,4.679215699434280396e-02
6.955866813659667969e-01,4.521599039435386658e-02
6.880665421485900879e-01,1.288735121488571167e-01
6.956370472908020020e-01,1.865884214639663696e-01
6.972638964653015137e-01,2.440828084945678711e-01
6.971987485885620117e-01,3.434191048145294189e-01
7.017818093299865723e-01,4.595190584659576416e-01
7.061350345611572266e-01,4.686495959758758545e-01
7.251986265182495117e-01,7.862509489059448242e-01
7.161872982978820801e-01,8.116978406906127930e-01
7.162604331970214844e-01,2.655305862426757812e-01
7.200695872306823730e-01,3.382156491279602051e-01
7.076964974403381348e-01,1.986568868160247803e-01
7.000796794891357422e-01,7.566239684820175171e-02
7.086914777755737305e-01,1.600382030010223389e-01
7.159820795059204102e-01,3.951394259929656982e-01
6.986879706382751465e-01,2.737337490543723106e-03
5.000000000000000000e-01,-1.544616388014981689e+00
7.008921504020690918e-01,1.354612559080123901e-01
7.007740139961242676e-01,2.461353242397308350e-01
7.059062123298645020e-01,3.656370639801025391e-01
7.009295821189880371e-01,2.783040516078472137e-02
7.056905627250671387e-01,5.481000617146492004e-02
7.061278223991394043e-01,1.019298732280731201e-01
6.929833292961120605e-01,6.156183034181594849e-02
6.956726312637329102e-01,-6.064851209521293640e-02
6.969262361526489258e-01,8.463940583169460297e-03
6.991361379623413086e-01,9.061913192272186279e-02
6.931565999984741211e-01,-6.126667559146881104e-02
6.935169696807861328e-01,-4.233941435813903809e-02
6.921051740646362305e-01,-7.555747032165527344e-02
6.894894242286682129e-01,-2.423595869913697243e-03
6.954104900360107422e-01,-7.015265524387359619e-02
6.967726349830627441e-01,-4.754280298948287964e-02
6.950590014457702637e-01,-7.133366912603378296e-02
6.966894268989562988e-01,-5.337471887469291687e-02
6.986073851585388184e-01,-6.846593320369720459e-02
6.968858838081359863e-01,-1.622079908847808838e-01
6.916680932044982910e-01,-5.457898974418640137e-02
6.980554461479187012e-01,-2.419316023588180542e-02
6.955683231353759766e-01,-5.836307257413864136e-02
6.975880265235900879e-01,-2.269000560045242310e-02
6.961788535118103027e-01,-3.573057055473327637e-02
6.923744678497314453e-01,-1.013637706637382507e-02
7.000582814216613770e-01,-3.912581875920295715e-02
6.957378983497619629e-01,4.793588817119598389e-02
6.974810361862182617e-01,8.819992840290069580e-02
6.970934271812438965e-01,2.690127864480018616e-02
6.989257931709289551e-01,6.340765953063964844e-02
5.000000000000000000e-01,-1.544616388014981689e+00
5.000000000000000000e-01,1.544616388014981689e+00
5.000000000000000000e-01,1.518436449235066821e+00
5.000000000000000000e-01,1.492256510455151952e+00
5.000000000000000000e-01,1.466076571675237084e+00
5.000000000000000000e-01,1.439896632895322215e+00
5.000000000000000000e-01,1.413716694115407346e+00
5.000000000000000000e-01,1.387536755335492478e+00
5.000000000000000000e-01,1.361356816555577609e+00
5.000000000000000000e-01,1.335176877775662740e+00
5.000000000000000000e-01,1.308996938995747872e+00
5.000000000000000000e-01,1.282817000215833003e+00
5.000000000000000000e-01,1.256637061435918135e+00
5.000000000000000000e-01,1.230457122656003266e+00
5.000000000000000000e-01,1.204277183876088397e+00
5.000000000000000000e-01,1.178097245096173529e+00
5.000000000000000000e-01,1.151917306316258660e+00
5.000000000000000000e-01,1.125737367536343791e+00
5.000000000000000000e-01,1.099557428756428923e+00
5.000000000000000000e-01,1.073377489976514054e+00
5.000000000000000000e-01,1.047197551196599186e+00
5.000000000000000000e-01,1.021017612416684317e+00
5.000000000000000000e-01,9.948376736367693374e-01
5.000000000000000000e-01,9.686577348568543577e-01
5.000000000000000000e-01,9.424777960769393781e-01
5.000000000000000000e-01,9.162978572970243984e-01
5.000000000000000000e-01,8.901179185171094188e-01
5.000000000000000000e-01,8.639379797371944392e-01
5.000000000000000000e-01,8.377580409572794595e-01
5.000000000000000000e-01,8.115781021773644799e-01
5.000000000000000000e-01,7.853981633974495002e-01
5.000000000000000000e-01,7.592182246175345206e-01
6.999999999999999556e-01,0.000000000000000000e+00
6.999999999999999556e-01,0.000000000000000000e+00
6.999999999999999556e-01,0.000000000000000000e+00
6.999999999999999556e-01,0.000000000000000000e+00
6.999999999999999556e-01,0.000000000000000000e+00
6.999999999999999556e-01,0.000000000000000000e+00
6.999999999999999556e-01,0.000000000000000000e+00
6.999999999999999556e-01,0.000000000000000000e+00
7.148743271827697754e-01,-1.161940395832061768e-01
7.037125229835510254e-01,-1.019825115799903870e-01
7.031166553497314453e-01,-2.570573091506958008e-01
7.084230184555053711e-01,-2.714984416961669922e-01
7.148180007934570312e-01,-1.540577113628387451e-01
7.261754274368286133e-01,-1.158853620290756226e-02
6.974298954010009766e-01,-3.454180061817169189e-02
7.068770527839660645e-01,-3.788324538618326187e-03
6.959692239761352539e-01,-5.905982851982116699e-01
7.132846713066101074e-01,-2.735482454299926758e-01
6.988357305526733398e-01,-4.694555699825286865e-01
7.079828977584838867e-01,-1.392168104648590088e-01
7.047638893127441406e-01,-4.168548285961151123e-01
6.923956274986267090e-01,-5.864558219909667969e-01
7.010197043418884277e-01,-3.851316869258880615e-01
7.020491957664489746e-01,-5.322781205177307129e-01
6.930017471313476562e-01,-2.873924672603607178e-01
7.052220702171325684e-01,-5.663285851478576660e-01
7.003190517425537109e-01,-8.046360611915588379e-01
6.896885633468627930e-01,-8.908404707908630371e-01
7.026441097259521484e-01,-1.015826702117919922e+00
6.859934329986572266e-01,-1.263692855834960938e+00
6.890914440155029297e-01,-1.252241373062133789e+00
6.770861744880676270e-01,-1.693905472755432129e+00
6.905144453048706055e-01,-8.728910088539123535e-01
6.968774795532226562e-01,-3.746926188468933105e-01
6.941265463829040527e-01,-3.656210303306579590e-01
6.950746774673461914e-01,-2.989420890808105469e-01
6.968863010406494141e-01,-2.533159852027893066e-01
7.005392909049987793e-01,-3.098410367965698242e-01
6.929049491882324219e-01,-4.422038793563842773e-01
5.000000000000000000e-01,-1.544616388014981689e+00
5.000000000000000000e-01,-1.544616388014981689e+00
5.000000000000000000e-01,-1.518436449235066821e+00
5.000000000000000000e-01,-1.492256510455151952e+00
5.000000000000000000e-01,-1.466076571675237084e+00
5.000000000000000000e-01,-1.439896632895322215e+00
5.000000000000000000e-01,-1.413716694115407346e+00
5.000000000000000000e-01,-1.387536755335492478e+00
5.000000000000000000e-01,-1.361356816555577609e+00
5.000000000000000000e-01,-1.335176877775662740e+00
5.000000000000000000e-01,-1.308996938995747872e+00
5.000000000000000000e-01,-1.282817000215833003e+00
5.000000000000000000e-01,-1.256637061435918135e+00
5.000000000000000000e-01,-1.230457122656003266e+00
5.000000000000000000e-01,-1.204277183876088397e+00
5.000000000000000000e-01,-1.178097245096173529e+00
6.999999999999999556e-01,0.000000000000000000e+00
6.999999999999999556e-01,0.000000000000000000e+00
6.999999999999999556e-01,0.000000000000000000e+00
6.999999999999999556e-01,0.000000000000000000e+00
5.000000000000000000e-01,1.544616388014981689e+00
5.000000000000000000e-01,1.518436449235066821e+00
5.000000000000000000e-01,1.492256510455151952e+00
5.000000000000000000e-01,1.466076571675237084e+00
5.000000000000000000e-01,1.439896632895322215e+00
5.000000000000000000e-01,1.413716694115407346e+00
5.000000000000000000e-01,1.387536755335492478e+00
5.000000000000000000e-01,1.361356816555577609e+00
5.000000000000000000e-01,1.335176877775662740e+00
5.000000000000000000e-01,1.308996938995747872e+00
5.000000000000000000e-01,1.282817000215833003e+00
5.000000000000000000e-01,1.256637061435918135e+00
5.000000000000000000e-01,1.230457122656003266e+00
5.000000000000000000e-01,1.204277183876088397e+00
5.000000000000000000e-01,1.178097245096173529e+00
5.000000000000000000e-01,1.151917306316258660e+00
5.000000000000000000e-01,1.125737367536343791e+00
5.000000000000000000e-01,1.099557428756428923e+00
5.000000000000000000e-01,1.073377489976514054e+00
5.000000000000000000e-01,1.047197551196599186e+00
5.000000000000000000e-01,1.021017612416684317e+00
5.000000000000000000e-01,9.948376736367693374e-01
5.000000000000000000e-01,9.686577348568543577e-01
5.000000000000000000e-01,9.424777960769393781e-01
5.000000000000000000e-01,9.162978572970243984e-01
5.000000000000000000e-01,8.901179185171094188e-01
5.000000000000000000e-01,8.639379797371944392e-01
5.000000000000000000e-01,8.377580409572794595e-01
5.000000000000000000e-01,8.115781021773644799e-01
5.000000000000000000e-01,7.853981633974495002e-01
5.000000000000000000e-01,7.592182246175345206e-01
5.000000000000000000e-01,7.330382858376195410e-01
5.000000000000000000e-01,7.068583470577045613e-01
5.000000000000000000e-01,6.806784082777895817e-01
6.999999999999999556e-01,0.000000000000000000e+00
6.999999999999999556e-01,0.000000000000000000e+00
6.999999999999999556e-01,0.000000000000000000e+00
6.999999999999999556e-01,0.000000000000000000e+00
6.999999999999999556e-01,0.000000000000000000e+00
6.999999999999999556e-01,0.000000000000000000e+00
6.999999999999999556e-01,0.000000000000000000e+00
6.999999999999999556e-01,0.000000000000000000e+00
6.999999999999999556e-01,0.000000000000000000e+00
6.999999999999999556e-01,0.000000000000000000e+00
5.000000000000000000e-01,-1.544616388014981689e+00
5.000000000000000000e-01,-1.518436449235066821e+00
5.000000000000000000e-01,-1.492256510455151952e+00
5.000000000000000000e-01,-1.466076571675237084e+00
5.000000000000000000e-01,-1.439896632895322215e+00
5.000000000000000000e-01,-1.413716694115407346e+00
5.000000000000000000e-01,-1.387536755335492478e+00
5.000000000000000000e-01,-1.361356816555577609e+00
5.000000000000000000e-01,-1.335176877775662740e+00
5.000000000000000000e-01,-1.308996938995747872e+00
5.000000000000000000e-01,-1.282817000215833003e+00
5.000000000000000000e-01,-1.256637061435918135e+00
5.000000000000000000e-01,-1.230457122656003266e+00
5.000000000000000000e-01,-1.204277183876088397e+00
6.999999999999999556e-01,0.000000000000000000e+00
6.999999999999999556e-01,0.000000000000000000e+00
6.999999999999999556e-01,0.000000000000000000e+00
6.999999999999999556e-01,0.000000000000000000e+00
6.999999999999999556e-01,0.000000000000000000e+00
6.999999999999999556e-01,0.000000000000000000e+00
6.999999999999999556e-01,0.000000000000000000e+00
6.999999999999999556e-01,0.000000000000000000e+00
6.999999999999999556e-01,0.000000000000000000e+00
6.999999999999999556e-01,0.000000000000000000e+00
6.999999999999999556e-01,0.000000000000000000e+00
6.999999999999999556e-01,0.000000000000000000e+00
6.999999999999999556e-01,0.000000000000000000e+00
6.999999999999999556e-01,0.000000000000000000e+00
6.999999999999999556e-01,0.000000000000000000e+00
6.999999999999999556e-01,0.000000000000000000e+00
6.999999999999999556e-01,0.000000000000000000e+00
6.999999999999999556e-01,0.000000000000000000e+00
6.999999999999999556e-01,0.000000000000000000e+00
6.999999999999999556e-01,0.000000000000000000e+00
6.999999999999999556e-01,0.000000000000000000e+00
