6.827220320701599121e-01,-1.277874708175659180e+00
6.934677958488464355e-01,-8.470507264137268066e-01
6.883769631385803223e-01,-1.048566937446594238e+00
6.899671554565429688e-01,-8.476802110671997070e-01
6.905845999717712402e-01,-7.456967234611511230e-01
6.986201405525207520e-01,-4.739951193332672119e-01
6.939051747322082520e-01,-5.669249296188354492e-01
6.959874629974365234e-01,-7.197135090827941895e-01
6.852017045021057129e-01,-4.703097343444824219e-01
5.000000000000000000e-01,-1.544616388014981689e+00
5.000000000000000000e-01,-1.544616388014981689e+00
5.000000000000000000e-01,-1.518436449235066821e+00
5.000000000000000000e-01,-1.492256510455151952e+00
5.000000000000000000e-01,-1.466076571675237084e+00
5.000000000000000000e-01,-1.439896632895322215e+00
5.000000000000000000e-01,-1.413716694115407346e+00
5.000000000000000000e-01,-1.387536755335492478e+00
5.000000000000000000e-01,-1.361356816555577609e+00
5.000000000000000000e-01,-1.335176877775662740e+00
5.000000000000000000e-01,-1.308996938995747872e+00
5.000000000000000000e-01,-1.282817000215833003e+00
5.000000000000000000e-01,-1.256637061435918135e+00
5.000000000000000000e-01,-1.230457122656003266e+00
5.000000000000000000e-01,-1.204277183876088397e+00
5.000000000000000000e-01,-1.178097245096173529e+00
5.000000000000000000e-01,-1.151917306316258660e+00
5.000000000000000000e-01,-1.125737367536343791e+00
5.000000000000000000e-01,-1.099557428756428923e+00
5.000000000000000000e-01,-1.073377489976514054e+00
5.000000000000000000e-01,-1.047197551196599186e+00
5.000000000000000000e-01,-1.021017612416684317e+00
5.000000000000000000e-01,-9.948376736367693374e-01
5.000000000000000000e-01,-9.686577348568543577e-01
6.931402683258056641e-01,-1.257686167955398560e-01
6.963098049163818359e-01,-5.056914687156677246e-02
6.940609216690063477e-01,-1.437201499938964844e-01
6.885492801666259766e-01,-1.132140383124351501e-01
7.006795406341552734e-01,8.644033223390579224e-02
6.973606944084167480e-01,-9.285932034254074097e-02
6.961463093757629395e-01,-2.700235322117805481e-02
7.017908096313476562e-01,-1.153984889388084412e-01
6.964858174324035645e-01,-2.241003513336181641e-02
6.959910392761230469e-01,-9.517560154199600220e-02
6.965166330337524414e-01,3.400190267711877823e-03
6.957936882972717285e-01,-1.477971673011779785e-01
6.984155774116516113e-01,-4.439580152393318713e-05
6.957932114601135254e-01,-1.008568778634071350e-01
6.997276544570922852e-01,5.768736079335212708e-02
6.974220871925354004e-01,-1.942488849163055420e-01
7.005352377891540527e-01,-2.349379509687423706e-01
6.980989575386047363e-01,-2.580222487449645996e-01
7.017354965209960938e-01,-1.778510808944702148e-01
6.981133222579956055e-01,-1.517393141984939575e-01
7.011598348617553711e-01,-2.702363133430480957e-01
7.003132700920104980e-01,-1.425589323043823242e-01
6.972753405570983887e-01,-1.642999947071075439e-01
6.942297816276550293e-01,-5.100884288549423218e-02
6.969416141510009766e-01,-2.914150953292846680e-01
7.012224197387695312e-01,-4.804144054651260376e-02
6.982628107070922852e-01,-8.459678292274475098e-02
7.034040093421936035e-01,-1.305842250585556030e-01
6.934783458709716797e-01,-2.320840209722518921e-01
6.998168826103210449e-01,-2.779450118541717529e-01
5.000000000000000000e-01,-1.544616388014981689e+00
5.000000000000000000e-01,-1.544616388014981689e+00
5.000000000000000000e-01,-1.518436449235066821e+00
5.000000000000000000e-01,-1.492256510455151952e+00
5.000000000000000000e-01,-1.466076571675237084e+00
5.000000000000000000e-01,-1.439896632895322215e+00
5.000000000000000000e-01,-1.413716694115407346e+00
5.000000000000000000e-01,-1.387536755335492478e+00
5.000000000000000000e-01,-1.361356816555577609e+00
5.000000000000000000e-01,-1.335176877775662740e+00
5.000000000000000000e-01,-1.308996938995747872e+00
5.000000000000000000e-01,-1.282817000215833003e+00
5.000000000000000000e-01,-1.256637061435918135e+00
5.000000000000000000e-01,-1.230457122656003266e+00
5.000000000000000000e-01,-1.204277183876088397e+00
5.000000000000000000e-01,-1.178097245096173529e+00
5.000000000000000000e-01,-1.151917306316258660e+00
5.000000000000000000e-01,1.544616388014981689e+00
5.000000000000000000e-01,1.518436449235066821e+00
5.000000000000000000e-01,1.492256510455151952e+00
5.000000000000000000e-01,1.466076571675237084e+00
5.000000000000000000e-01,1.439896632895322215e+00
5.000000000000000000e-01,1.413716694115407346e+00
5.000000000000000000e-01,1.387536755335492478e+00
5.000000000000000000e-01,1.361356816555577609e+00
5.000000000000000000e-01,1.335176877775662740e+00
5.000000000000000000e-01,1.308996938995747872e+00
5.000000000000000000e-01,1.282817000215833003e+00
5.000000000000000000e-01,1.256637061435918135e+00
5.000000000000000000e-01,1.230457122656003266e+00
6.999999999999999556e-01,0.000000000000000000e+00
6.999999999999999556e-01,0.000000000000000000e+00
6.999999999999999556e-01,0.000000000000000000e+00
6.999999999999999556e-01,0.000000000000000000e+00
6.999999999999999556e-01,0.000000000000000000e+00
6.999999999999999556e-01,0.000000000000000000e+00
6.999999999999999556e-01,0.000000000000000000e+00
6.999999999999999556e-01,0.000000000000000000e+00
6.999999999999999556e-01,0.000000000000000000e+00
6.999999999999999556e-01,0.000000000000000000e+00
6.999999999999999556e-01,0.000000000000000000e+00
6.999999999999999556e-01,0.000000000000000000e+00
6.999999999999999556e-01,0.000000000000000000e+00
6.999999999999999556e-01,0.000000000000000000e+00
6.999999999999999556e-01,0.000000000000000000e+00
6.999999999999999556e-01,0.000000000000000000e+00
6.999999999999999556e-01,0.000000000000000000e+00
6.999999999999999556e-01,0.000000000000000000e+00
6.999999999999999556e-01,0.000000000000000000e+00
6.908678412437438965e-01,-6.551159024238586426e-01
6.960458755493164062e-01,6.209220364689826965e-02
6.991562843322753906e-01,5.642578750848770142e-02
7.002045512199401855e-01,6.621134281158447266e-02
6.938893198966979980e-01,9.262850880622863770e-02
7.005112767219543457e-01,8.113177865743637085e-02
6.965141296386718750e-01,1.100426092743873596e-01
6.980814933776855469e-01,2.382693141698837280e-01
7.022265791893005371e-01,2.530908286571502686e-01
7.019400596618652344e-01,1.714875847101211548e-01
6.987494826316833496e-01,2.583771646022796631e-01
7.011538743972778320e-01,2.899915874004364014e-01
6.738957166671752930e-01,2.360139191150665283e-01
6.781380772590637207e-01,1.966468840837478638e-01
7.023307681083679199e-01,3.323832154273986816e-01
6.999648213386535645e-01,4.782944917678833008e-01
7.009339928627014160e-01,8.506219089031219482e-02
7.040671706199645996e-01,2.967036366462707520e-01
7.038809061050415039e-01,6.163531914353370667e-02
6.978406906127929688e-01,-4.423878341913223267e-02
7.004833817481994629e-01,-4.183380678296089172e-02
6.931060552597045898e-01,-2.683195471763610840e-01
6.999010443687438965e-01,-1.334642022848129272e-01
7.032847404479980469e-01,-2.523401677608489990e-01
7.136804461479187012e-01,7.702156901359558105e-03
7.036504149436950684e-01,-3.798156678676605225e-01
7.016485333442687988e-01,-4.244949817657470703e-01
6.898192167282104492e-01,-1.349796950817108154e-01
6.985131502151489258e-01,-1.891956627368927002e-01
6.981245279312133789e-01,-2.296310961246490479e-01
7.010010480880737305e-01,-9.594669193029403687e-02
6.968870759010314941e-01,-1.954794526100158691e-01
5.000000000000000000e-01,-1.544616388014981689e+00
5.000000000000000000e-01,-1.544616388014981689e+00
5.000000000000000000e-01,-1.518436449235066821e+00
5.000000000000000000e-01,-1.492256510455151952e+00
5.000000000000000000e-01,-1.466076571675237084e+00
5.000000000000000000e-01,-1.439896632895322215e+00
5.000000000000000000e-01,-1.413716694115407346e+00
5.000000000000000000e-01,-1.387536755335492478e+00
6.987352371215820312e-01,-4.323036372661590576e-01
6.938190460205078125e-01,-5.881688594818115234e-01
6.932614445686340332e-01,-5.533288717269897461e-01
7.000179290771484375e-01,-4.992340803146362305e-01
6.932461857795715332e-01,-6.572675704956054688e-01
6.920435428619384766e-01,-6.171751618385314941e-01
6.971533894538879395e-01,-6.853024959564208984e-01
6.951596140861511230e-01,-6.031071543693542480e-01
6.880550980567932129e-01,-7.334861159324645996e-01
6.903077363967895508e-01,-7.492800354957580566e-01
6.905905008316040039e-01,-7.352108955383300781e-01
6.906405091285705566e-01,-6.460065245628356934e-01
6.863754391670227051e-01,-8.074850440025329590e-01
6.809051632881164551e-01,-7.174025774002075195e-01
6.907650232315063477e-01,-6.330624818801879883e-01
6.872373819351196289e-01,-7.070477008819580078e-01
6.852691769599914551e-01,-8.933961987495422363e-01
6.808422803878784180e-01,-6.755000948905944824e-01
6.830107569694519043e-01,-5.768829584121704102e-01
6.923654079437255859e-01,-3.748083114624023438e-01
6.881313323974609375e-01,-4.276355803012847900e-01
6.925762891769409180e-01,-2.214621901512145996e-01
6.956744194030761719e-01,-2.036359608173370361e-01
6.930252909660339355e-01,-1.639366894960403442e-01
6.930691003799438477e-01,-1.484375596046447754e-01
6.936596632003784180e-01,-1.924476176500320435e-01
6.894258856773376465e-01,-1.113235428929328918e-01
6.970082521438598633e-01,-9.882820397615432739e-02
6.967483162879943848e-01,3.024964965879917145e-02
6.970972418785095215e-01,6.519009172916412354e-02
6.955315470695495605e-01,8.630726486444473267e-02
6.984021067619323730e-01,4.375286772847175598e-02
5.000000000000000000e-01,-1.544616388014981689e+00
5.000000000000000000e-01,1.544616388014981689e+00
5.000000000000000000e-01,1.518436449235066821e+00
5.000000000000000000e-01,1.492256510455151952e+00
5.000000000000000000e-01,1.466076571675237084e+00
5.000000000000000000e-01,1.439896632895322215e+00
5.000000000000000000e-01,1.413716694115407346e+00
5.000000000000000000e-01,1.387536755335492478e+00
5.000000000000000000e-01,1.361356816555577609e+00
5.000000000000000000e-01,1.335176877775662740e+00
5.000000000000000000e-01,1.308996938995747872e+00
5.000000000000000000e-01,1.282817000215833003e+00
5.000000000000000000e-01,1.256637061435918135e+00
5.000000000000000000e-01,1.230457122656003266e+00
5.000000000000000000e-01,1.204277183876088397e+00
5.000000000000000000e-01,1.178097245096173529e+00
5.000000000000000000e-01,1.151917306316258660e+00
5.000000000000000000e-01,1.125737367536343791e+00
5.000000000000000000e-01,1.099557428756428923e+00
5.000000000000000000e-01,1.073377489976514054e+00
5.000000000000000000e-01,1.047197551196599186e+00
5.000000000000000000e-01,1.021017612416684317e+00
5.000000000000000000e-01,9.948376736367693374e-01
5.000000000000000000e-01,9.686577348568543577e-01
6.999999999999999556e-01,0.000000000000000000e+00
6.999999999999999556e-01,0.000000000000000000e+00
6.999999999999999556e-01,0.000000000000000000e+00
6.999999999999999556e-01,0.000000000000000000e+00
6.999999999999999556e-01,0.000000000000000000e+00
6.999999999999999556e-01,0.000000000000000000e+00
6.999999999999999556e-01,0.000000000000000000e+00
6.999999999999999556e-01,0.000000000000000000e+00
6.999999999999999556e-01,0.000000000000000000e+00
6.999999999999999556e-01,0.000000000000000000e+00
6.999999999999999556e-01,0.000000000000000000e+00
6.999999999999999556e-01,0.000000000000000000e+00
6.999999999999999556e-01,0.000000000000000000e+00
6.999999999999999556e-01,0.000000000000000000e+00
6.988025307655334473e-01,9.118168801069259644e-02
6.902766227722167969e-01,8.559775352478027344e-02
7.007920145988464355e-01,1.177946850657463074e-01
6.989991664886474609e-01,6.821686029434204102e-02
6.983103752136230469e-01,2.020964920520782471e-01
6.997116804122924805e-01,1.427117884159088135e-01
6.988546848297119141e-01,2.706974446773529053e-01
7.002451419830322266e-01,7.177164405584335327e-02
7.002834677696228027e-01,1.436689943075180054e-01
7.044997811317443848e-01,2.814941704273223877e-01
7.049757242202758789e-01,2.855550050735473633e-01
7.045066952705383301e-01,2.105773240327835083e-01
6.991076469421386719e-01,2.560817301273345947e-01
6.998381018638610840e-01,1.142665073275566101e-01
7.083974480628967285e-01,2.281047254800796509e-01
6.976637840270996094e-01,1.725435256958007812e-01
7.087494730949401855e-01,3.042199909687042236e-01
7.042880654335021973e-01,-4.941510502249002457e-03
6.988828778266906738e-01,-3.393261507153511047e-02
6.959276199340820312e-01,1.685542240738868713e-02
6.694070696830749512e-01,-2.668399214744567871e-01
7.004700899124145508e-01,8.816098794341087341e-03
6.920367479324340820e-01,-4.276892244815826416e-01
7.049213051795959473e-01,1.615034602582454681e-02
7.101411223411560059e-01,-1.513267308473587036e-01
7.118170857429504395e-01,-1.024558469653129578e-01
6.973745226860046387e-01,-1.147530078887939453e-01
6.997378468513488770e-01,-1.255497932434082031e-01
6.992089152336120605e-01,-1.575672328472137451e-01
7.032830119132995605e-01,-1.352742463350296021e-01
7.010052204132080078e-01,-7.442240417003631592e-02
5.000000000000000000e-01,-1.544616388014981689e+00
5.000000000000000000e-01,-1.544616388014981689e+00
5.000000000000000000e-01,-1.518436449235066821e+00
5.000000000000000000e-01,-1.492256510455151952e+00
5.000000000000000000e-01,-1.466076571675237084e+00
5.000000000000000000e-01,-1.439896632895322215e+00
6.999999999999999556e-01,0.000000000000000000e+00
6.999999999999999556e-01,0.000000000000000000e+00
6.999999999999999556e-01,0.000000000000000000e+00
6.999999999999999556e-01,0.000000000000000000e+00
