0.000000000000000000e+00,1.570796326794896558e+00
0.000000000000000000e+00,1.570796326794896558e+00
0.000000000000000000e+00,0.000000000000000000e+00
6.199381351470947266e-01,-1.020123720169067383e+00
6.637914180755615234e-01,-1.294322490692138672e+00
5.620045065879821777e-01,-1.135600566864013672e+00
6.164946556091308594e-01,-1.078823089599609375e+00
6.476609110832214355e-01,-1.017078757286071777e+00
5.709156394004821777e-01,-8.302561044692993164e-01
6.838257908821105957e-01,-1.001599550247192383e+00
6.637659072875976562e-01,-9.582832455635070801e-01
6.853558421134948730e-01,-7.790212035179138184e-01
6.897372603416442871e-01,-5.759506225585937500e-01
7.044610977172851562e-01,-1.477468162775039673e-01
7.004503607749938965e-01,-5.839024856686592102e-02
6.909363269805908203e-01,-1.421008259057998657e-01
6.952455639839172363e-01,-1.844979971647262573e-01
6.969067454338073730e-01,-2.492531388998031616e-01
6.950362324714660645e-01,-1.153148636221885681e-01
6.955958604812622070e-01,-2.096898108720779419e-01
5.000000000000000000e-01,-3.598524427223298017e-01
5.000000000000000000e-01,-3.306109295379185409e-01
5.000000000000000000e-01,-3.038237061114388848e-01
5.000000000000000000e-01,-2.792823452125430816e-01
5.000000000000000000e-01,-2.567964065499770965e-01
5.000000000000000000e-01,-2.361918503729876773e-01
5.000000000000000000e-01,-2.173095970098229412e-01
5.000000000000000000e-01,-2.000042177343262506e-01
5.000000000000000000e-01,-1.841427440577641517e-01
5.000000000000000000e-01,-1.696035840025389985e-01
5.000000000000000000e-01,-1.562755351711134222e-01
5.000000000000000000e-01,-1.440568855117854707e-01
5.000000000000000000e-01,-1.328545936315011500e-01
5.000000000000000000e-01,-1.225835413363219190e-01
5.000000000000000000e-01,-1.131658518114731365e-01
5.000000000000000000e-01,-1.045302674992123898e-01
5.000000000000000000e-01,-9.661158230659143420e-02
5.000000000000000000e-01,-8.935012328646312063e-02
5.000000000000000000e-01,-8.269127739187513704e-02
5.000000000000000000e-01,-7.658505931369301301e-02
5.000000000000000000e-01,-7.098571677908775690e-02
5.000000000000000000e-01,-6.585137002012668439e-02
5.000000000000000000e-01,-6.114368242061356262e-02
5.000000000000000000e-01,-5.682755961963063818e-02
5.000000000000000000e-01,-5.287087459500287856e-02
5.000000000000000000e-01,-4.924421647158698512e-02
5.000000000000000000e-01,-4.592066100066087564e-02
5.000000000000000000e-01,-4.287556083956704789e-02
5.000000000000000000e-01,-4.008635392713859324e-02
5.000000000000000000e-01,-3.753238840177867963e-02
5.000000000000000000e-01,-3.519476264726666137e-02
5.000000000000000000e-01,-3.305617917701812736e-02
5.000000000000000000e-01,-3.110081118271050549e-02
5.000000000000000000e-01,-2.931418067809925254e-02
5.000000000000000000e-01,-2.768304726522057002e-02
5.000000000000000000e-01,-2.619530663829632011e-02
5.000000000000000000e-01,-2.483989802168710959e-02
5.000000000000000000e-01,-2.360671981310406842e-02
5.000000000000000000e-01,-2.248655277187321111e-02
5.000000000000000000e-01,-2.147099015638946617e-02
5.000000000000000000e-01,-2.055237427421534313e-02
5.000000000000000000e-01,-1.972373896420069606e-02
5.000000000000000000e-01,-1.897875758300120175e-02
5.000000000000000000e-01,1.600171622934472571e-01
5.000000000000000000e-01,1.472146387574924664e-01
5.000000000000000000e-01,1.354882949447529517e-01
5.000000000000000000e-01,1.247470682417646665e-01
5.000000000000000000e-01,1.149076976634900021e-01
5.000000000000000000e-01,1.058940491129678890e-01
5.000000000000000000e-01,9.763649984722171105e-02
5.000000000000000000e-01,9.007137683047065913e-02
5.000000000000000000e-01,8.314044415794689946e-02
5.000000000000000000e-01,7.679043518341614749e-02
5.000000000000000000e-01,7.097262538748587424e-02
5.000000000000000000e-01,6.564244238733989156e-02
5.000000000000000000e-01,6.075910981636338526e-02
5.000000000000000000e-01,5.628532209828999988e-02
5.000000000000000000e-01,5.218694740841049728e-02
5.000000000000000000e-01,4.843275635702486148e-02
5.000000000000000000e-01,4.499417415039257129e-02
5.000000000000000000e-01,4.184505418419463829e-02
5.000000000000000000e-01,3.896147120597852342e-02
5.000000000000000000e-01,3.632153234800732100e-02
5.000000000000000000e-01,3.390520448212468174e-02
5.000000000000000000e-01,3.169415648479105563e-02
5.000000000000000000e-01,2.967161512498277254e-02
5.000000000000000000e-01,2.782223340104410247e-02
5.000000000000000000e-01,2.613197025602147228e-02
5.000000000000000000e-01,2.458798069532956709e-02
5.000000000000000000e-01,2.317851541682607042e-02
5.000000000000000000e-01,2.189282914186900519e-02
5.000000000000000000e-01,2.072109690802674542e-02
5.000000000000000000e-01,1.965433764968231578e-02
5.000000000000000000e-01,1.868434445313064962e-02
5.000000000000000000e-01,1.780362092780345129e-02
5.000000000000000000e-01,1.700532318607654581e-02
5.000000000000000000e-01,1.628320697049083499e-02
5.000000000000000000e-01,1.563157951021691694e-02
5.000000000000000000e-01,1.504525572831276470e-02
5.000000000000000000e-01,1.451951845790082352e-02
5.000000000000000000e-01,1.405008235976738795e-02
5.000000000000000000e-01,1.363306126592993273e-02
5.000000000000000000e-01,1.326493870380467122e-02
5.000000000000000000e-01,1.294254138472776539e-02
5.000000000000000000e-01,1.266301546779828591e-02
5.000000000000000000e-01,1.242380543720082720e-02
5.000000000000000000e-01,1.222263545807482366e-02
5.000000000000000000e-01,1.539380400258998582e+00
5.000000000000000000e-01,1.539380400258998582e+00
5.000000000000000000e-01,1.539380400258998582e+00
5.000000000000000000e-01,1.539380400258998582e+00
5.000000000000000000e-01,1.539380400258998582e+00
5.000000000000000000e-01,1.539380400258998582e+00
5.000000000000000000e-01,1.539380400258998582e+00
5.000000000000000000e-01,1.539380400258998582e+00
5.000000000000000000e-01,1.485819620299028143e+00
5.000000000000000000e-01,1.365457611031103857e+00
5.000000000000000000e-01,1.255290862544930830e+00
5.000000000000000000e-01,1.154408338977390924e+00
5.000000000000000000e-01,1.061988830877832468e+00
5.000000000000000000e-01,9.772904779051836410e-01
5.000000000000000000e-01,8.996418190099750856e-01
5.000000000000000000e-01,8.284340972827199945e-01
5.000000000000000000e-01,7.631146020001897678e-01
5.000000000000000000e-01,7.031808738854248286e-01
5.000000000000000000e-01,6.481756337600061979e-01
5.000000000000000000e-01,5.976823216411417672e-01
5.000000000000000000e-01,5.513211545245952916e-01
5.000000000000000000e-01,5.087456278512874075e-01
5.000000000000000000e-01,4.696393989562517857e-01
5.000000000000000000e-01,4.337135014013069889e-01
5.000000000000000000e-01,4.007038475845339787e-01
5.000000000000000000e-01,3.703689838560631498e-01
5.000000000000000000e-01,3.424880679040478992e-01
5.000000000000000000e-01,3.168590426816864647e-01
5.000000000000000000e-01,2.932969848391822620e-01
5.000000000000000000e-01,2.716326086704031195e-01
5.000000000000000000e-01,2.517109091127743281e-01
5.000000000000000000e-01,2.333899294527073676e-01
5.000000000000000000e-01,2.165396411678484623e-01
5.000000000000000000e-01,2.010409248450038544e-01
5.000000000000000000e-01,1.867846423986872506e-01
5.000000000000000000e-01,1.736707919199165784e-01
6.860663294792175293e-01,-1.670171879231929779e-02
6.979885101318359375e-01,2.291740663349628448e-02
6.990510821342468262e-01,1.131833810359239578e-02
6.982234120368957520e-01,5.128457769751548767e-02
6.963218450546264648e-01,3.291790187358856201e-02
7.003352046012878418e-01,8.305394649505615234e-02
7.012118697166442871e-01,6.294760853052139282e-02
6.915184855461120605e-01,7.881172746419906616e-02
7.003476619720458984e-01,8.463185280561447144e-02
6.934863924980163574e-01,1.208698898553848267e-01
7.012581825256347656e-01,1.552094668149948120e-01
6.998226642608642578e-01,1.530048698186874390e-01
6.967012286186218262e-01,1.324296146631240845e-01
6.982412934303283691e-01,2.398012280464172363e-01
6.605368852615356445e-01,2.399686425924301147e-01
6.986528038978576660e-01,2.199798673391342163e-01
6.933860778808593750e-01,1.684199422597885132e-01
6.971801519393920898e-01,2.224484533071517944e-01
6.972354054450988770e-01,3.501580059528350830e-01
6.922661662101745605e-01,3.492823839187622070e-01
7.012113928794860840e-01,2.509908080101013184e-01
6.965469121932983398e-01,3.312855958938598633e-01
6.965562105178833008e-01,3.497723042964935303e-01
7.001845240592956543e-01,3.478907048702239990e-01
7.008404731750488281e-01,4.835219681262969971e-01
7.070598602294921875e-01,3.571295738220214844e-01
7.051748037338256836e-01,5.143428444862365723e-01
7.056442499160766602e-01,4.353938698768615723e-01
6.992360353469848633e-01,4.251132011413574219e-01
7.081939578056335449e-01,4.886639416217803955e-01
6.966440081596374512e-01,3.837878704071044922e-01
7.150102853775024414e-01,6.221853494644165039e-01
5.000000000000000000e-01,0.000000000000000000e+00
5.000000000000000000e-01,0.000000000000000000e+00
5.000000000000000000e-01,0.000000000000000000e+00
5.000000000000000000e-01,0.000000000000000000e+00
5.000000000000000000e-01,0.000000000000000000e+00
5.000000000000000000e-01,0.000000000000000000e+00
5.000000000000000000e-01,0.000000000000000000e+00
5.000000000000000000e-01,0.000000000000000000e+00
5.000000000000000000e-01,0.000000000000000000e+00
5.000000000000000000e-01,0.000000000000000000e+00
5.000000000000000000e-01,0.000000000000000000e+00
5.000000000000000000e-01,0.000000000000000000e+00
5.000000000000000000e-01,0.000000000000000000e+00
5.000000000000000000e-01,0.000000000000000000e+00
5.000000000000000000e-01,0.000000000000000000e+00
5.000000000000000000e-01,0.000000000000000000e+00
5.000000000000000000e-01,0.000000000000000000e+00
5.000000000000000000e-01,0.000000000000000000e+00
5.000000000000000000e-01,0.000000000000000000e+00
5.000000000000000000e-01,0.000000000000000000e+00
5.000000000000000000e-01,0.000000000000000000e+00
5.000000000000000000e-01,0.000000000000000000e+00
5.000000000000000000e-01,0.000000000000000000e+00
5.000000000000000000e-01,0.000000000000000000e+00
5.000000000000000000e-01,0.000000000000000000e+00
5.000000000000000000e-01,0.000000000000000000e+00
5.000000000000000000e-01,0.000000000000000000e+00
5.000000000000000000e-01,0.000000000000000000e+00
5.000000000000000000e-01,0.000000000000000000e+00
5.000000000000000000e-01,0.000000000000000000e+00
5.000000000000000000e-01,0.000000000000000000e+00
5.000000000000000000e-01,0.000000000000000000e+00
5.000000000000000000e-01,0.000000000000000000e+00
5.000000000000000000e-01,0.000000000000000000e+00
5.000000000000000000e-01,0.000000000000000000e+00
5.000000000000000000e-01,0.000000000000000000e+00
5.000000000000000000e-01,0.000000000000000000e+00
5.000000000000000000e-01,0.000000000000000000e+00
5.000000000000000000e-01,0.000000000000000000e+00
5.000000000000000000e-01,0.000000000000000000e+00
5.000000000000000000e-01,0.000000000000000000e+00
5.000000000000000000e-01,0.000000000000000000e+00
5.000000000000000000e-01,-1.539380400258998582e+00
5.000000000000000000e-01,-1.539380400258998582e+00
5.000000000000000000e-01,-1.539380400258998582e+00
5.000000000000000000e-01,-1.539380400258998582e+00
5.000000000000000000e-01,-1.539380400258998582e+00
5.000000000000000000e-01,-1.539380400258998582e+00
5.000000000000000000e-01,-1.539380400258998582e+00
5.000000000000000000e-01,-1.539380400258998582e+00
5.000000000000000000e-01,-1.539380400258998582e+00
5.000000000000000000e-01,-1.423584974172092066e+00
5.000000000000000000e-01,-1.315567261724581050e+00
5.000000000000000000e-01,-1.216419119861281706e+00
5.000000000000000000e-01,-1.125364542584150973e+00
5.000000000000000000e-01,-1.041703618784358687e+00
5.000000000000000000e-01,-9.648036223294604863e-01
5.000000000000000000e-01,-8.940914179554011465e-01
5.000000000000000000e-01,-8.290469442962569158e-01
5.000000000000000000e-01,-7.691975850933958636e-01
6.869253516197204590e-01,-1.072041988372802734e+00
6.862294077873229980e-01,-1.132687211036682129e+00
6.802517175674438477e-01,-1.283458590507507324e+00
6.890885829925537109e-01,-1.354606986045837402e+00
6.747428178787231445e-01,-1.500765204429626465e+00
6.838458180427551270e-01,-1.275344610214233398e+00
6.755973100662231445e-01,-1.114731192588806152e+00
6.834776401519775391e-01,-1.332993626594543457e+00
6.811431050300598145e-01,-1.060099840164184570e+00
6.820523142814636230e-01,-9.779185652732849121e-01
6.860507130622863770e-01,-7.191278338432312012e-01
6.880548596382141113e-01,-5.580289959907531738e-01
6.923215985298156738e-01,-3.357332646846771240e-01
6.984696388244628906e-01,-2.384858727455139160e-01
6.908503174781799316e-01,-2.379169315099716187e-01
6.974934339523315430e-01,-8.674827963113784790e-02
6.943176984786987305e-01,-6.458950042724609375e-02
6.953328847885131836e-01,-2.630633115768432617e-02
6.989021897315979004e-01,-6.797917932271957397e-02
6.974216103553771973e-01,3.348224982619285583e-02
6.930887103080749512e-01,2.970756590366363525e-02
6.938334703445434570e-01,3.004741109907627106e-02
6.977397799491882324e-01,3.268313407897949219e-02
6.990832686424255371e-01,-2.090979833155870438e-03
7.026628851890563965e-01,-3.433536738157272339e-03
6.981145739555358887e-01,2.904723025858402252e-02
6.970167160034179688e-01,1.795726269483566284e-02
7.013363838195800781e-01,5.182667076587677002e-02
6.775649189949035645e-01,4.449699074029922485e-02
6.973349452018737793e-01,5.494831502437591553e-02
7.021452188491821289e-01,1.158286631107330322e-01
6.995126008987426758e-01,6.592544913291931152e-02
