0.000000000000000000e+00,-1.570796326794896558e+00
0.000000000000000000e+00,0.000000000000000000e+00
4.000000000000000222e-01,-2.293713926639982859e+00
4.000000000000000222e-01,-2.313964531493861276e+00
6.873791217803955078e-01,-9.790498018264770508e-01
6.876639127731323242e-01,-4.862923920154571533e-01
6.950718760490417480e-01,-2.297637164592742920e-01
6.821193695068359375e-01,-1.193185150623321533e-01
6.808254122734069824e-01,-4.297097027301788330e-01
6.948752403259277344e-01,-4.712128937244415283e-01
6.931844949722290039e-01,-5.279864072799682617e-01
7.002713680267333984e-01,-5.303719043731689453e-01
6.994556188583374023e-01,-5.804796218872070312e-01
4.000000000000000222e-01,-9.386310116791272140e-01
4.000000000000000222e-01,-8.124736940575989497e-01
4.000000000000000222e-01,-6.912208603610219271e-01
4.000000000000000222e-01,-6.577015048204701841e-01
4.000000000000000222e-01,-5.466962175935163870e-01
4.000000000000000222e-01,-4.141735926393050882e-01
4.000000000000000222e-01,-2.776205191540714878e-01
4.000000000000000222e-01,-2.988131709303329941e-01
4.000000000000000222e-01,-1.817844131995332013e-01
4.000000000000000222e-01,-1.833874668938371144e-01
4.000000000000000222e-01,-2.800202912826854629e-02
4.000000000000000222e-01,-1.317135567028340226e-01
4.000000000000000222e-01,-8.426429179933481173e-02
4.000000000000000222e-01,2.358741788328000411e-02
4.000000000000000222e-01,1.300536423092202298e-02
6.827683448791503906e-01,-6.194558739662170410e-01
6.966777443885803223e-01,-1.302757263183593750e-01
6.968808770179748535e-01,-3.623057901859283447e-02
6.997361183166503906e-01,-1.858275569975376129e-02
6.958431005477905273e-01,3.962941467761993408e-02
6.958431005477905273e-01,3.962941467761993408e-02
6.958431005477905273e-01,3.962941467761993408e-02
6.958431005477905273e-01,3.962941467761993408e-02
6.958431005477905273e-01,3.962941467761993408e-02
6.958431005477905273e-01,3.962941467761993408e-02
6.958431005477905273e-01,3.962941467761993408e-02
6.958431005477905273e-01,3.962941467761993408e-02
6.958431005477905273e-01,3.962941467761993408e-02
6.958431005477905273e-01,3.962941467761993408e-02
4.000000000000000222e-01,8.018431247006643225e-01
4.000000000000000222e-01,9.144328277754895096e-01
4.000000000000000222e-01,8.805571523205848461e-01
4.000000000000000222e-01,9.220732591866229733e-01
4.000000000000000222e-01,8.676548813717919195e-01
4.000000000000000222e-01,1.694542023296946587e-01
4.000000000000000222e-01,9.261336910927523425e-01
4.000000000000000222e-01,1.797100525612694844e-01
4.000000000000000222e-01,9.475066239458223016e-01
4.000000000000000222e-01,9.245627744592241903e-01
4.000000000000000222e-01,8.739023121978990449e-01
4.000000000000000222e-01,8.739023121978990449e-01
4.000000000000000222e-01,7.837401496450768779e-01
4.000000000000000222e-01,7.378475777306743311e-01
4.000000000000000222e-01,6.798046693458638101e-01
4.000000000000000222e-01,-5.851671371001454514e-02
4.000000000000000222e-01,-4.031135829550269722e-02
4.000000000000000222e-01,7.047056621005498567e-01
4.000000000000000222e-01,6.489222513672034953e-01
4.000000000000000222e-01,5.947887355765885120e-01
4.000000000000000222e-01,5.448969768253830726e-01
4.000000000000000222e-01,5.313044864180916926e-01
4.000000000000000222e-01,5.827104644489424778e-01
4.000000000000000222e-01,6.514015559166972391e-01
4.000000000000000222e-01,6.514015559166972391e-01
4.000000000000000222e-01,6.514015559166972391e-01
4.000000000000000222e-01,6.514015559166972391e-01
4.000000000000000222e-01,6.514015559166972391e-01
4.000000000000000222e-01,6.514015559166972391e-01
4.000000000000000222e-01,6.514015559166972391e-01
4.000000000000000222e-01,6.514015559166972391e-01
4.000000000000000222e-01,6.514015559166972391e-01
4.000000000000000222e-01,6.514015559166972391e-01
4.000000000000000222e-01,6.514015559166972391e-01
4.000000000000000222e-01,6.514015559166972391e-01
4.000000000000000222e-01,-1.606148483892786194e+00
4.000000000000000222e-01,-1.502280137554803385e+00
4.000000000000000222e-01,-1.502280137554803385e+00
4.000000000000000222e-01,-1.502280137554803385e+00
4.000000000000000222e-01,-1.286568284912216864e+00
4.000000000000000222e-01,9.968666779932022770e-02
4.000000000000000222e-01,9.968666779932022770e-02
4.000000000000000222e-01,9.968666779932022770e-02
5.000000000000000000e-01,-2.333085888073805347e-01
5.000000000000000000e-01,-2.145492112268206353e-01
5.000000000000000000e-01,-1.973616072235911401e-01
5.000000000000000000e-01,-1.816128625996816237e-01
5.000000000000000000e-01,-1.671814572116543940e-01
5.000000000000000000e-01,-1.539562750888395226e-01
5.000000000000000000e-01,-1.418357025432611107e-01
5.000000000000000000e-01,-1.307268061029203676e-01
5.000000000000000000e-01,-1.205445829293905619e-01
5.000000000000000000e-01,-1.112112771113336479e-01
5.000000000000000000e-01,-1.026557558719927571e-01
5.000000000000000000e-01,-9.481294030300073394e-02
5.000000000000000000e-01,-8.762328574881532439e-02
5.000000000000000000e-01,-8.103230742386262342e-02
5.000000000000000000e-01,-7.499014725506451817e-02
5.000000000000000000e-01,-6.945117831138762632e-02
5.000000000000000000e-01,-6.437364351460654610e-02
5.000000000000000000e-01,-5.971932562544228495e-02
5.000000000000000000e-01,-5.545324577053616089e-02
5.000000000000000000e-01,-5.154338802129547481e-02
5.000000000000000000e-01,-4.796044775824963302e-02
5.000000000000000000e-01,-4.467760175660177857e-02
5.000000000000000000e-01,-4.167029811216575730e-02
5.000000000000000000e-01,-3.891606429375275844e-02
5.000000000000000000e-01,-3.639433175990784697e-02
5.000000000000000000e-01,-3.408627571627480257e-02
5.000000000000000000e-01,-3.197466871579539294e-02
5.000000000000000000e-01,-3.004374691908022477e-02
5.000000000000000000e-01,-2.827908793715376568e-02
5.000000000000000000e-01,-2.666749927476690096e-02
5.000000000000000000e-01,-2.519691648025972064e-02
5.000000000000000000e-01,-2.385631018824856120e-02
5.000000000000000000e-01,-2.263560131518342622e-02
5.000000000000000000e-01,-2.152558373561479221e-02
5.000000000000000000e-01,-2.051785382941399838e-02
5.000000000000000000e-01,-1.960474634772761682e-02
5.000000000000000000e-01,-1.877927609909750550e-02
6.999999999999999556e-01,0.000000000000000000e+00
6.999999999999999556e-01,-1.948807322851368873e-02
6.999999999999999556e-01,-1.918573337006694579e-02
6.999999999999999556e-01,-1.894980216129997508e-02
5.000000000000000000e-01,1.539380400258998582e+00
5.000000000000000000e-01,1.539380400258998582e+00
5.000000000000000000e-01,1.539380400258998582e+00
5.000000000000000000e-01,1.539380400258998582e+00
5.000000000000000000e-01,1.539380400258998582e+00
5.000000000000000000e-01,1.539380400258998582e+00
5.000000000000000000e-01,1.539380400258998582e+00
5.000000000000000000e-01,1.523870358490138299e+00
5.000000000000000000e-01,1.400181576003805217e+00
5.000000000000000000e-01,1.286991087424967040e+00
5.000000000000000000e-01,1.183357529245573359e+00
5.000000000000000000e-01,1.088432942756021538e+00
5.000000000000000000e-01,1.001451770664814722e+00
5.000000000000000000e-01,9.217214755248155367e-01
5.000000000000000000e-01,8.486144880529111756e-01
5.000000000000000000e-01,7.815612528259821001e-01
5.000000000000000000e-01,7.200441855247834422e-01
5.000000000000000000e-01,6.635923925790219169e-01
5.000000000000000000e-01,6.117770329125018502e-01
5.000000000000000000e-01,5.642072242157334383e-01
5.000000000000000000e-01,5.205264141323862059e-01
5.000000000000000000e-01,4.804091509858288700e-01
5.000000000000000000e-01,4.435582000091436439e-01
5.000000000000000000e-01,4.097019601094043506e-01
5.000000000000000000e-01,3.785921434857629220e-01
5.000000000000000000e-01,3.500016863118753929e-01
5.000000000000000000e-01,3.237228634822358342e-01
5.000000000000000000e-01,2.995655843390412909e-01
5.000000000000000000e-01,2.773558495207718022e-01
5.000000000000000000e-01,2.569343517455722758e-01
5.000000000000000000e-01,2.381552055715879246e-01
5.000000000000000000e-01,2.208847930487330413e-01
5.000000000000000000e-01,2.050007137597800733e-01
5.000000000000000000e-01,1.903908290969427708e-01
5.000000000000000000e-01,1.769523917758356046e-01
5.000000000000000000e-01,1.645912525858717612e-01
5.000000000000000000e-01,1.532211372420516082e-01
5.000000000000000000e-01,1.427629869598242007e-01
5.000000000000000000e-01,1.331443570399402643e-01
5.000000000000000000e-01,1.242988683388642074e-01
5.000000000000000000e-01,1.161657070242812367e-01
5.000000000000000000e-01,1.086891684847886425e-01
5.000000000000000000e-01,1.018182416867617207e-01
5.000000000000000000e-01,9.550623065681200508e-02
5.000000000000000000e-01,8.971041012247997493e-02
5.000000000000000000e-01,3.102556572697679482e-01
5.000000000000000000e-01,2.851693128616064610e-01
5.000000000000000000e-01,2.621848614019953172e-01
5.000000000000000000e-01,2.411242443951529535e-01
5.000000000000000000e-01,2.218247169981200639e-01
5.000000000000000000e-01,2.041375066979077002e-01
5.000000000000000000e-01,1.879265935527881237e-01
5.000000000000000000e-01,1.730676002048532891e-01
5.000000000000000000e-01,1.594467811751394959e-01
5.000000000000000000e-01,1.469601020806370895e-01
5.000000000000000000e-01,1.355124003939652266e-01
5.000000000000000000e-01,1.250166202250511671e-01
5.000000000000000000e-01,1.153931143589399938e-01
5.000000000000000000e-01,1.065690074505461354e-01
5.000000000000000000e-01,9.847761486836485723e-02
5.000000000000000000e-01,9.105791220543028863e-02
5.000000000000000000e-01,8.425405094583364451e-02
5.000000000000000000e-01,7.801491619611304607e-02
5.000000000000000000e-01,7.229372276885896731e-02
5.000000000000000000e-01,6.704764624624708069e-02
5.000000000000000000e-01,6.223748595807947204e-02
5.000000000000000000e-01,5.782735708622847859e-02
5.000000000000000000e-01,5.378440935835974990e-02
5.000000000000000000e-01,5.007857002113862144e-02
5.000000000000000000e-01,4.668230898951879204e-02
5.000000000000000000e-01,4.357042425604688851e-02
5.000000000000000000e-01,4.071984581458280850e-02
5.000000000000000000e-01,3.810945650787438133e-02
5.000000000000000000e-01,3.571992834976071840e-02
5.000000000000000000e-01,3.353357300159913457e-02
5.000000000000000000e-01,3.153420520017018169e-02
5.000000000000000000e-01,2.970701804179291805e-02
5.000000000000000000e-01,2.803846912570832905e-02
5.000000000000000000e-01,2.651617665005705227e-02
5.000000000000000000e-01,2.512882463630798646e-02
5.000000000000000000e-01,2.386607653441945309e-02
5.000000000000000000e-01,2.271849653112915923e-02
5.000000000000000000e-01,2.167747794881495771e-02
5.000000000000000000e-01,2.073517818301766347e-02
5.000000000000000000e-01,1.988445968324174806e-02
5.000000000000000000e-01,1.911883653512695680e-02
6.999999999999999556e-01,0.000000000000000000e+00
6.999999999999999556e-01,2.002074974368266147e-02
6.962997913360595703e-01,-7.508163899183273315e-02
6.976077556610107422e-01,-1.048113312572240829e-02
6.965086460113525391e-01,9.170525521039962769e-02
6.985237598419189453e-01,2.481480687856674194e-02
6.951326727867126465e-01,-7.380958413705229759e-04
7.045291066169738770e-01,6.771639734506607056e-02
6.956816315650939941e-01,-3.615864366292953491e-02
7.009181380271911621e-01,-6.260404735803604126e-02
6.982762217521667480e-01,-6.815817952156066895e-02
6.974034905433654785e-01,-4.338206350803375244e-02
7.002753615379333496e-01,-1.906758248805999756e-01
7.041423320770263672e-01,1.501304805278778076e-01
7.015593647956848145e-01,1.300964802503585815e-01
6.936724781990051270e-01,8.409141446463763714e-04
6.997838616371154785e-01,1.228827168233692646e-03
6.920839548110961914e-01,7.059866935014724731e-02
7.011024355888366699e-01,9.607111662626266479e-02
6.962807774543762207e-01,2.208533510565757751e-02
7.024292349815368652e-01,1.000016629695892334e-01
7.018635272979736328e-01,1.857371926307678223e-01
7.035927176475524902e-01,1.757407188415527344e-01
7.003600597381591797e-01,2.038268148899078369e-01
7.059507966041564941e-01,2.816981077194213867e-01
7.043196558952331543e-01,4.249231815338134766e-01
7.001054286956787109e-01,1.622678041458129883e-01
6.957182884216308594e-01,3.376001715660095215e-01
7.087327241897583008e-01,4.842920005321502686e-01
7.016846537590026855e-01,1.651251018047332764e-01
7.095292806625366211e-01,3.644589781761169434e-01
6.954272985458374023e-01,1.605422794818878174e-01
6.961482763290405273e-01,2.787284739315509796e-02
4.000000000000000222e-01,4.456916904745132357e-01
4.000000000000000222e-01,4.922398023624739993e-01
4.000000000000000222e-01,5.562115567570402597e-01
4.000000000000000222e-01,5.562115567570402597e-01
4.000000000000000222e-01,5.562115567570402597e-01
4.000000000000000222e-01,5.562115567570402597e-01
4.000000000000000222e-01,5.562115567570402597e-01
4.000000000000000222e-01,5.562115567570402597e-01
4.000000000000000222e-01,5.562115567570402597e-01
4.000000000000000222e-01,5.562115567570402597e-01
4.000000000000000222e-01,5.562115567570402597e-01
4.000000000000000222e-01,5.562115567570402597e-01
4.000000000000000222e-01,5.562115567570402597e-01
4.000000000000000222e-01,5.562115567570402597e-01
4.000000000000000222e-01,5.562115567570402597e-01
4.000000000000000222e-01,5.562115567570402597e-01
4.000000000000000222e-01,5.562115567570402597e-01
4.000000000000000222e-01,5.562115567570402597e-01
4.000000000000000222e-01,5.562115567570402597e-01
4.000000000000000222e-01,-2.586910963740323588e+00
4.000000000000000222e-01,-2.586910963740323588e+00
4.000000000000000222e-01,-2.586910963740323588e+00
4.000000000000000222e-01,-2.586910963740323588e+00
4.000000000000000222e-01,-2.586910963740323588e+00
4.000000000000000222e-01,-1.067703060387167557e+00
4.000000000000000222e-01,-1.067703060387167557e+00
4.000000000000000222e-01,-8.837314129764460846e-01
4.000000000000000222e-01,-8.837314129764460846e-01
4.000000000000000222e-01,-4.059291390261547949e-01
4.000000000000000222e-01,-3.316077031703337230e-01
4.000000000000000222e-01,-3.316077031703337230e-01
4.000000000000000222e-01,-3.316077031703337230e-01
4.000000000000000222e-01,-3.316077031703337230e-01
4.000000000000000222e-01,-3.316077031703337230e-01
4.000000000000000222e-01,1.312439918893966162e-01
4.000000000000000222e-01,1.724540475036970832e-01
4.000000000000000222e-01,1.724540475036970832e-01
4.000000000000000222e-01,1.724540475036970832e-01
4.000000000000000222e-01,2.925575090926176847e-01
4.000000000000000222e-01,2.925575090926176847e-01
4.000000000000000222e-01,2.925575090926176847e-01
4.000000000000000222e-01,2.925575090926176847e-01
4.000000000000000222e-01,2.925575090926176847e-01
4.000000000000000222e-01,-7.854872639804475476e+00
4.000000000000000222e-01,1.325850703663990826e+00
4.000000000000000222e-01,6.220769975057419687e-01
4.000000000000000222e-01,6.276139910818235856e-01
4.000000000000000222e-01,6.636226216510909826e-01
4.000000000000000222e-01,-7.208364397815814506e+00
4.000000000000000222e-01,-7.208364397815814506e+00
4.000000000000000222e-01,-7.208364397815814506e+00
4.000000000000000222e-01,-7.208364397815814506e+00
4.000000000000000222e-01,-7.208364397815814506e+00
4.000000000000000222e-01,-7.208364397815814506e+00
4.000000000000000222e-01,-7.208364397815814506e+00
4.000000000000000222e-01,-8.087387261058507804e+00
4.000000000000000222e-01,-6.906187576391300098e+00
4.000000000000000222e-01,-6.906187576391300098e+00
4.000000000000000222e-01,-6.906187576391300098e+00
4.000000000000000222e-01,-6.906187576391300098e+00
4.000000000000000222e-01,-6.906187576391300098e+00
4.000000000000000222e-01,-6.906187576391300098e+00
4.000000000000000222e-01,-6.906187576391300098e+00
4.000000000000000222e-01,-6.906187576391300098e+00
4.000000000000000222e-01,-6.906187576391300098e+00
4.000000000000000222e-01,-6.906187576391300098e+00
4.000000000000000222e-01,-6.906187576391300098e+00
4.000000000000000222e-01,-6.906187576391300098e+00
4.000000000000000222e-01,-5.828762364976546984e+00
4.000000000000000222e-01,-5.828762364976546984e+00
4.000000000000000222e-01,-7.187371999471511508e+00
4.000000000000000222e-01,-6.717426117155026688e+00
4.000000000000000222e-01,-6.717426117155026688e+00
4.000000000000000222e-01,-6.717426117155026688e+00
4.000000000000000222e-01,-8.477398091475681241e+00
4.000000000000000222e-01,-7.198893878008720826e+00
4.000000000000000222e-01,-7.148450990082420908e+00
4.000000000000000222e-01,-7.148450990082420908e+00
4.000000000000000222e-01,-7.148450990082420908e+00
4.000000000000000222e-01,-7.148450990082420908e+00
4.000000000000000222e-01,-7.148450990082420908e+00
4.000000000000000222e-01,-7.148450990082420908e+00
4.000000000000000222e-01,-7.148450990082420908e+00
4.000000000000000222e-01,-7.148450990082420908e+00
4.000000000000000222e-01,-7.148450990082420908e+00
4.000000000000000222e-01,-7.148450990082420908e+00
4.000000000000000222e-01,2.388847809664206512e+00
4.000000000000000222e-01,2.388847809664206512e+00
4.000000000000000222e-01,2.388847809664206512e+00
4.000000000000000222e-01,2.388847809664206512e+00
4.000000000000000222e-01,2.388847809664206512e+00
4.000000000000000222e-01,2.388847809664206512e+00
4.000000000000000222e-01,2.388847809664206512e+00
4.000000000000000222e-01,2.388847809664206512e+00
4.000000000000000222e-01,-1.941344772974095356e+00
4.000000000000000222e-01,-1.802902350398088105e+00
4.000000000000000222e-01,-1.756119300500881053e+00
4.000000000000000222e-01,-1.612391300828311280e+00
4.000000000000000222e-01,-2.162433390561118163e+00
4.000000000000000222e-01,-1.938037664211096356e+00
4.000000000000000222e-01,-1.809755484595967578e+00
4.000000000000000222e-01,-2.537694173842644396e+00
4.000000000000000222e-01,-2.539458500917160855e+00
4.000000000000000222e-01,-2.202874378179759951e+00
4.000000000000000222e-01,-2.314118148569964006e+00
4.000000000000000222e-01,-2.358003438617242598e+00
4.000000000000000222e-01,-2.019579579264317637e+00
4.000000000000000222e-01,-1.884164944299827837e+00
4.000000000000000222e-01,-1.754906333786014239e+00
4.000000000000000222e-01,-1.636067116073427918e+00
5.000000000000000000e-01,-6.594159567834141367e-01
5.000000000000000000e-01,-6.140653317123214716e-01
4.000000000000000222e-01,-1.480450667357915862e+00
4.000000000000000222e-01,-1.431780197467702020e+00
4.000000000000000222e-01,-1.302655367626380123e+00
4.000000000000000222e-01,-1.241403759948842112e+00
4.000000000000000222e-01,-1.103715663060281571e+00
4.000000000000000222e-01,-1.048839712895026199e+00
4.000000000000000222e-01,4.293882915103512665e-02
