0.000000000000000000e+00,0.000000000000000000e+00
6.629320979118347168e-01,-1.266371607780456543e+00
6.471197605133056641e-01,-1.366828441619873047e+00
6.802752614021301270e-01,-1.208045125007629395e+00
5.051130652427673340e-01,-1.371753334999084473e+00
5.873085856437683105e-01,-1.131395459175109863e+00
5.795221924781799316e-01,-1.349042177200317383e+00
6.023611426353454590e-01,-1.357269763946533203e+00
6.044166088104248047e-01,-1.212446808815002441e+00
6.484960913658142090e-01,-1.227663397789001465e+00
6.292006969451904297e-01,-1.087726712226867676e+00
6.680114269256591797e-01,-1.359907865524291992e+00
6.356409192085266113e-01,-9.104769825935363770e-01
6.792052388191223145e-01,-9.580734372138977051e-01
6.841695308685302734e-01,-7.298136353492736816e-01
6.940315961837768555e-01,-3.766138255596160889e-01
7.087078690528869629e-01,3.038424253463745117e-01
6.975224018096923828e-01,-1.197290942072868347e-01
6.956726908683776855e-01,3.254471579566597939e-03
6.938835382461547852e-01,-5.658067390322685242e-02
6.926527023315429688e-01,-3.527269139885902405e-02
6.969720125198364258e-01,-4.454235360026359558e-02
6.943225264549255371e-01,-7.297069579362869263e-02
6.970165371894836426e-01,-5.705022439360618591e-02
5.000000000000000000e-01,1.539380400258998582e+00
5.000000000000000000e-01,1.539380400258998582e+00
5.000000000000000000e-01,1.539380400258998582e+00
5.000000000000000000e-01,1.539380400258998582e+00
5.000000000000000000e-01,1.539380400258998582e+00
5.000000000000000000e-01,1.539380400258998582e+00
5.000000000000000000e-01,1.539380400258998582e+00
5.000000000000000000e-01,1.539380400258998582e+00
5.000000000000000000e-01,1.539380400258998582e+00
5.000000000000000000e-01,1.539380400258998582e+00
5.000000000000000000e-01,1.539380400258998582e+00
5.000000000000000000e-01,1.539380400258998582e+00
5.000000000000000000e-01,1.539380400258998582e+00
5.000000000000000000e-01,1.539380400258998582e+00
5.000000000000000000e-01,1.539380400258998582e+00
5.000000000000000000e-01,1.539380400258998582e+00
5.000000000000000000e-01,1.539380400258998582e+00
5.000000000000000000e-01,1.539380400258998582e+00
5.000000000000000000e-01,1.539380400258998582e+00
5.000000000000000000e-01,1.539380400258998582e+00
5.000000000000000000e-01,1.539380400258998582e+00
5.000000000000000000e-01,1.539380400258998582e+00
5.000000000000000000e-01,1.539380400258998582e+00
5.000000000000000000e-01,1.539380400258998582e+00
5.000000000000000000e-01,1.539380400258998582e+00
5.000000000000000000e-01,1.539380400258998582e+00
5.000000000000000000e-01,1.539380400258998582e+00
5.000000000000000000e-01,1.539380400258998582e+00
5.000000000000000000e-01,1.539380400258998582e+00
5.000000000000000000e-01,1.539380400258998582e+00
5.000000000000000000e-01,1.539380400258998582e+00
5.000000000000000000e-01,1.539380400258998582e+00
5.000000000000000000e-01,1.539380400258998582e+00
5.000000000000000000e-01,1.539380400258998582e+00
5.000000000000000000e-01,1.443841956093897094e+00
5.000000000000000000e-01,1.319596717126795715e+00
5.000000000000000000e-01,1.206254251239787356e+00
5.000000000000000000e-01,1.102827895546118375e+00
5.000000000000000000e-01,1.008426186042450601e+00
5.000000000000000000e-01,9.222424463128111594e-01
5.000000000000000000e-01,8.435457598570221815e-01
5.000000000000000000e-01,7.716730995547089744e-01
5.000000000000000000e-01,7.060224304441449217e-01
5.000000000000000000e-01,6.460466362718475519e-01
5.000000000000000000e-01,5.912481477042541567e-01
5.000000000000000000e-01,5.411741720224314545e-01
5.000000000000000000e-01,4.954124416562669109e-01
5.000000000000000000e-01,1.539380400258998582e+00
5.000000000000000000e-01,1.539380400258998582e+00
5.000000000000000000e-01,1.539380400258998582e+00
5.000000000000000000e-01,1.539380400258998582e+00
5.000000000000000000e-01,1.539380400258998582e+00
5.000000000000000000e-01,1.539380400258998582e+00
5.000000000000000000e-01,1.539380400258998582e+00
5.000000000000000000e-01,1.539380400258998582e+00
5.000000000000000000e-01,1.539380400258998582e+00
5.000000000000000000e-01,1.539380400258998582e+00
5.000000000000000000e-01,1.539380400258998582e+00
5.000000000000000000e-01,1.539380400258998582e+00
5.000000000000000000e-01,1.539380400258998582e+00
5.000000000000000000e-01,1.539380400258998582e+00
5.000000000000000000e-01,1.539380400258998582e+00
5.000000000000000000e-01,1.539380400258998582e+00
5.000000000000000000e-01,1.539380400258998582e+00
5.000000000000000000e-01,1.539380400258998582e+00
5.000000000000000000e-01,1.539380400258998582e+00
5.000000000000000000e-01,1.539380400258998582e+00
5.000000000000000000e-01,1.539380400258998582e+00
5.000000000000000000e-01,1.519732453901161184e+00
5.000000000000000000e-01,1.396793203836024011e+00
5.000000000000000000e-01,1.284269292493634529e+00
5.000000000000000000e-01,1.181227775708915351e+00
5.000000000000000000e-01,1.086828274471976163e+00
5.000000000000000000e-01,1.000312060749914300e+00
5.000000000000000000e-01,9.209927543692619789e-01
5.000000000000000000e-01,8.482483404829757045e-01
5.000000000000000000e-01,7.815142763868266895e-01
5.000000000000000000e-01,7.202775029670672735e-01
5.000000000000000000e-01,6.640712125783418962e-01
5.000000000000000000e-01,6.124702538492134973e-01
6.988527178764343262e-01,-3.356383740901947021e-01
6.990925669670104980e-01,-2.405153661966323853e-01
7.038975358009338379e-01,-2.022724896669387817e-01
6.949588060379028320e-01,-2.778344154357910156e-01
6.988744139671325684e-01,-3.939616978168487549e-01
6.948353648185729980e-01,-3.724249303340911865e-01
6.812824010848999023e-01,-2.983150780200958252e-01
6.553020477294921875e-01,-1.382369697093963623e-01
7.071120142936706543e-01,-1.876000612974166870e-01
7.091779708862304688e-01,-1.641732752323150635e-01
6.932550668716430664e-01,-2.937017977237701416e-01
6.915148496627807617e-01,-5.042343959212303162e-02
5.939949154853820801e-01,2.348095029592514038e-01
6.989411711692810059e-01,2.216534614562988281e-01
6.963605284690856934e-01,6.914732605218887329e-02
6.977206468582153320e-01,1.174351051449775696e-01
6.975429654121398926e-01,1.200755611062049866e-01
6.213352084159851074e-01,3.335429728031158447e-01
6.952338814735412598e-01,3.000113368034362793e-01
6.370767951011657715e-01,5.623455643653869629e-01
6.832754611968994141e-01,6.157228350639343262e-01
6.436125040054321289e-01,6.247652173042297363e-01
6.750823855400085449e-01,4.890943467617034912e-01
6.534907817840576172e-01,1.446037292480468750e-01
6.813974976539611816e-01,-3.341363072395324707e-01
6.116836667060852051e-01,-9.804013967514038086e-01
6.852190494537353516e-01,-1.170578718185424805e+00
6.753233671188354492e-01,-1.317373156547546387e+00
6.789460778236389160e-01,-1.246807813644409180e+00
6.872243881225585938e-01,-8.092815279960632324e-01
6.875771880149841309e-01,-7.265632748603820801e-01
6.857791543006896973e-01,-4.444327056407928467e-01
6.885764598846435547e-01,-2.729880213737487793e-01
5.000000000000000000e-01,1.539380400258998582e+00
5.000000000000000000e-01,1.539380400258998582e+00
5.000000000000000000e-01,1.539380400258998582e+00
5.000000000000000000e-01,1.539380400258998582e+00
5.000000000000000000e-01,1.539380400258998582e+00
5.000000000000000000e-01,1.539380400258998582e+00
5.000000000000000000e-01,1.539380400258998582e+00
5.000000000000000000e-01,1.539380400258998582e+00
5.000000000000000000e-01,1.539380400258998582e+00
5.000000000000000000e-01,1.539380400258998582e+00
5.000000000000000000e-01,1.539380400258998582e+00
5.000000000000000000e-01,1.539380400258998582e+00
5.000000000000000000e-01,1.494180998277689687e+00
5.000000000000000000e-01,1.358475454645649227e+00
5.000000000000000000e-01,1.235158888244034747e+00
5.000000000000000000e-01,1.539380400258998582e+00
5.000000000000000000e-01,1.539380400258998582e+00
5.000000000000000000e-01,1.539380400258998582e+00
5.000000000000000000e-01,1.539380400258998582e+00
5.000000000000000000e-01,1.539380400258998582e+00
5.000000000000000000e-01,1.539380400258998582e+00
5.000000000000000000e-01,1.539380400258998582e+00
5.000000000000000000e-01,1.539380400258998582e+00
5.000000000000000000e-01,1.539380400258998582e+00
5.000000000000000000e-01,1.539380400258998582e+00
5.000000000000000000e-01,1.539380400258998582e+00
5.000000000000000000e-01,1.539380400258998582e+00
5.000000000000000000e-01,1.539380400258998582e+00
5.000000000000000000e-01,1.539380400258998582e+00
5.000000000000000000e-01,1.539380400258998582e+00
5.000000000000000000e-01,1.539380400258998582e+00
5.000000000000000000e-01,1.539380400258998582e+00
5.000000000000000000e-01,1.482695764285414830e+00
5.000000000000000000e-01,1.367307648052898505e+00
5.000000000000000000e-01,1.261508088713277465e+00
5.000000000000000000e-01,1.164448273116908572e+00
5.000000000000000000e-01,1.075363477574009741e+00
5.000000000000000000e-01,9.935630902549055232e-01
5.000000000000000000e-01,9.184221241611909559e-01
5.000000000000000000e-01,8.493739481466009433e-01
5.000000000000000000e-01,7.859040201811724469e-01
5.000000000000000000e-01,7.275444511634157063e-01
5.000000000000000000e-01,6.738692619640731518e-01
5.000000000000000000e-01,6.244902232565328060e-01
5.000000000000000000e-01,5.790531887667655919e-01
5.000000000000000000e-01,5.372348491765366330e-01
5.000000000000000000e-01,-1.539380400258998582e+00
5.000000000000000000e-01,-1.539380400258998582e+00
5.000000000000000000e-01,-1.539380400258998582e+00
5.000000000000000000e-01,-1.499057036004284305e+00
5.000000000000000000e-01,-1.381643008797888816e+00
5.000000000000000000e-01,-1.274018058331223946e+00
5.000000000000000000e-01,-1.175313052107419542e+00
5.000000000000000000e-01,-1.084745180566263789e+00
5.000000000000000000e-01,-1.001607683974434115e+00
5.000000000000000000e-01,-9.252611178881673393e-01
5.000000000000000000e-01,-8.551258755177693072e-01
5.000000000000000000e-01,-7.906757438871794275e-01
5.000000000000000000e-01,-7.314323162797273792e-01
5.000000000000000000e-01,-6.769601190225953413e-01
5.000000000000000000e-01,-6.268623384683011945e-01
5.000000000000000000e-01,-5.807770558449065756e-01
5.000000000000000000e-01,-5.383739148250847872e-01
5.000000000000000000e-01,-4.993511602509295710e-01
5.000000000000000000e-01,-4.634329972483717808e-01
5.000000000000000000e-01,-4.303672285894160621e-01
5.000000000000000000e-01,-3.999231350868688861e-01
5.000000000000000000e-01,-3.718895694021869258e-01
5.000000000000000000e-01,-3.460732381965899163e-01
5.000000000000000000e-01,-3.222971512791639737e-01
5.000000000000000000e-01,-3.003992194753076217e-01
5.000000000000000000e-01,-2.802309854895453367e-01
5.000000000000000000e-01,-2.616564741737830713e-01
6.796586513519287109e-01,-1.124618291854858398e+00
6.823961138725280762e-01,-1.124711036682128906e+00
6.740354895591735840e-01,-1.402055263519287109e+00
6.818240880966186523e-01,-1.228629589080810547e+00
6.799014210700988770e-01,-1.183691501617431641e+00
6.837948560714721680e-01,-8.969469070434570312e-01
6.836307048797607422e-01,-7.633978128433227539e-01
6.888973116874694824e-01,-6.438321471214294434e-01
6.863889694213867188e-01,-4.434794783592224121e-01
6.884361505508422852e-01,-4.416582584381103516e-01
6.932896971702575684e-01,-3.456286787986755371e-01
6.975747942924499512e-01,-1.934784650802612305e-01
6.932694315910339355e-01,-1.915210187435150146e-01
6.977002024650573730e-01,-1.238411366939544678e-01
6.963873505592346191e-01,-6.852786988019943237e-02
6.959896087646484375e-01,8.346196264028549194e-03
6.967145800590515137e-01,-2.166506648063659668e-02
6.968343257904052734e-01,7.038036361336708069e-03
6.950880885124206543e-01,2.275854162871837616e-02
6.986086964607238770e-01,7.680290844291448593e-03
6.941598057746887207e-01,2.794236876070499420e-02
6.971505284309387207e-01,-9.034020826220512390e-03
6.966015696525573730e-01,7.084429380483925343e-04
6.995139122009277344e-01,3.961834311485290527e-02
6.940607428550720215e-01,2.115584909915924072e-02
6.911822557449340820e-01,2.627167478203773499e-02
6.757687330245971680e-01,1.195681374520063400e-02
7.036697864532470703e-01,4.358525946736335754e-02
6.993792653083801270e-01,4.346730187535285950e-02
7.037267684936523438e-01,1.094996184110641479e-01
6.984178423881530762e-01,4.213001579046249390e-02
6.985406875610351562e-01,8.308892697095870972e-02
5.000000000000000000e-01,2.990685654595999776e-01
5.000000000000000000e-01,2.749132337722917652e-01
5.000000000000000000e-01,2.527812063535559983e-01
5.000000000000000000e-01,2.325011652930351613e-01
5.000000000000000000e-01,2.139165165869474916e-01
5.000000000000000000e-01,1.968841023130306067e-01
5.000000000000000000e-01,1.812730291541376215e-01
5.000000000000000000e-01,1.669636020604670645e-01
5.000000000000000000e-01,1.538463530646446142e-01
5.000000000000000000e-01,1.418211563256919772e-01
5.000000000000000000e-01,1.307964214038815354e-01
5.000000000000000000e-01,1.206883575803708170e-01
5.000000000000000000e-01,1.114203027507699034e-01
5.000000000000000000e-01,1.029221110546679058e-01
5.000000000000000000e-01,9.512959396535762557e-02
5.000000000000000000e-01,8.798401006522986456e-02
5.000000000000000000e-01,8.143159918047064572e-02
5.000000000000000000e-01,7.542315695069028159e-02
5.000000000000000000e-01,6.991364627042422064e-02
5.000000000000000000e-01,6.486184236496921052e-02
5.000000000000000000e-01,6.023000855688369348e-02
5.000000000000000000e-01,5.598360004512130395e-02
5.000000000000000000e-01,5.209099325934722635e-02
5.000000000000000000e-01,4.852323857008027097e-02
5.000000000000000000e-01,4.525383433330780469e-02
5.000000000000000000e-01,4.225852042809190301e-02
5.000000000000000000e-01,3.951508960945808446e-02
5.000000000000000000e-01,3.700321514770070486e-02
5.000000000000000000e-01,3.470429336121920449e-02
5.000000000000000000e-01,3.260129977379015720e-02
5.000000000000000000e-01,3.067865774036064586e-02
5.000000000000000000e-01,2.892211848889995884e-02
5.000000000000000000e-01,2.731865162054418483e-02
5.000000000000000000e-01,2.585634519709216483e-02
5.000000000000000000e-01,2.452431462477715207e-02
5.000000000000000000e-01,2.331261961659496229e-02
5.000000000000000000e-01,2.221218858352251579e-02
5.000000000000000000e-01,2.121474986768827342e-02
5.000000000000000000e-01,2.031276928946716687e-02
5.000000000000000000e-01,1.949939353525546870e-02
5.000000000000000000e-01,1.876839896475228364e-02
5.000000000000000000e-01,1.811414546617022558e-02
5.000000000000000000e-01,1.539380400258998582e+00
5.000000000000000000e-01,1.539380400258998582e+00
5.000000000000000000e-01,1.539380400258998582e+00
5.000000000000000000e-01,1.539380400258998582e+00
5.000000000000000000e-01,1.539380400258998582e+00
5.000000000000000000e-01,1.539380400258998582e+00
5.000000000000000000e-01,1.478554222557265652e+00
5.000000000000000000e-01,1.357119827008388624e+00
5.000000000000000000e-01,1.246046717425475014e+00
5.000000000000000000e-01,1.144406592207944717e+00
5.000000000000000000e-01,1.051362315934249336e+00
5.000000000000000000e-01,9.661574032467681317e-01
5.000000000000000000e-01,8.881070131048811600e-01
5.000000000000000000e-01,8.165901873175902548e-01
5.000000000000000000e-01,7.510431205748699934e-01
5.000000000000000000e-01,6.909532912587541542e-01
5.000000000000000000e-01,6.358543154779849882e-01
5.000000000000000000e-01,5.853214129354069595e-01
5.000000000000000000e-01,5.389673939191188534e-01
5.000000000000000000e-01,4.964390931004521446e-01
5.000000000000000000e-01,4.574141888587666682e-01
5.000000000000000000e-01,4.215983572640807364e-01
5.000000000000000000e-01,3.887227182011743776e-01
5.000000000000000000e-01,3.585415378546271126e-01
5.000000000000000000e-01,3.308301572365620058e-01
5.000000000000000000e-01,3.053831208948450393e-01
5.000000000000000000e-01,2.820124835975884037e-01
5.000000000000000000e-01,2.605462758123325284e-01
5.000000000000000000e-01,2.408271113127360974e-01
5.000000000000000000e-01,2.227109223513535352e-01
5.000000000000000000e-01,2.060658096129531214e-01
5.000000000000000000e-01,1.907709956703074750e-01
5.000000000000000000e-01,1.767158719527886501e-01
5.000000000000000000e-01,1.637991303461879267e-01
5.000000000000000000e-01,1.519279715010453669e-01
5.000000000000000000e-01,1.410173827614114583e-01
5.000000000000000000e-01,1.309894793565360982e-01
5.000000000000000000e-01,1.217729031405204027e-01
5.000000000000000000e-01,1.133022737332341351e-01
5.000000000000000000e-01,1.055176874202652798e-01
5.000000000000000000e-01,9.836425961973542520e-02
5.000000000000000000e-01,9.179170712679489419e-02
5.000000000000000000e-01,8.575396670911299146e-02
6.873445510864257812e-01,-7.216876745223999023e-01
6.952225565910339355e-01,-1.830818206071853638e-01
6.919807195663452148e-01,-7.399082183837890625e-02
6.964448690414428711e-01,1.525779813528060913e-02
6.983556151390075684e-01,3.958919644355773926e-02
7.002201676368713379e-01,3.821975365281105042e-02
6.723003983497619629e-01,1.007778197526931763e-01
6.980727314949035645e-01,9.039030224084854126e-02
6.992829442024230957e-01,1.157998144626617432e-01
6.985981464385986328e-01,1.428824961185455322e-01
6.988706588745117188e-01,1.027238890528678894e-01
7.005518078804016113e-01,2.013678252696990967e-01
6.956083178520202637e-01,1.020102873444557190e-01
6.879246234893798828e-01,2.021899074316024780e-01
7.025096416473388672e-01,2.757074832916259766e-01
7.009961605072021484e-01,3.694273829460144043e-01
6.986774206161499023e-01,2.684712111949920654e-01
6.958432793617248535e-01,2.320356667041778564e-01
7.002145051956176758e-01,2.822765707969665527e-01
7.008211612701416016e-01,2.027267217636108398e-01
7.062097787857055664e-01,3.802721202373504639e-01
7.078822255134582520e-01,3.429812192916870117e-01
6.975929141044616699e-01,2.285567820072174072e-01
6.870301365852355957e-01,3.307343423366546631e-01
7.059921622276306152e-01,5.162504315376281738e-01
7.022053599357604980e-01,6.243666410446166992e-01
6.990125775337219238e-01,2.989521026611328125e-01
7.045363187789916992e-01,3.134216964244842529e-01
7.041381597518920898e-01,2.522578537464141846e-01
7.016347646713256836e-01,2.980517446994781494e-01
7.018339037895202637e-01,1.979899406433105469e-01
7.051836252212524414e-01,2.657772898674011230e-01
7.039403915405273438e-01,3.808761537075042725e-01
7.002718448638916016e-01,3.601186871528625488e-01
7.017615437507629395e-01,2.093950361013412476e-01
6.993770003318786621e-01,8.689447492361068726e-02
7.056446075439453125e-01,8.292642235755920410e-02
7.104774713516235352e-01,3.045035898685455322e-01
6.988494992256164551e-01,1.770488172769546509e-01
6.991473436355590820e-01,7.888954132795333862e-02
6.985616683959960938e-01,1.831130869686603546e-02
6.999994516372680664e-01,-7.652062177658081055e-02
6.969525218009948730e-01,2.206789106130599976e-01
6.958788633346557617e-01,5.168049037456512451e-02
6.969990730285644531e-01,-4.210792481899261475e-02
7.039365768432617188e-01,4.151011630892753601e-02
6.926344037055969238e-01,-5.677496083080768585e-03
6.944274902343750000e-01,-2.588367648422718048e-02
7.007140517234802246e-01,8.331804722547531128e-02
6.976374387741088867e-01,-2.351726144552230835e-01
7.016438245773315430e-01,1.040583476424217224e-01
6.905552744865417480e-01,-5.114600062370300293e-02
6.883395910263061523e-01,-1.488368511199951172e-01
6.959015727043151855e-01,-1.487715244293212891e-01
6.937893629074096680e-01,-1.138596460223197937e-01
6.943380236625671387e-01,-1.741526275873184204e-01
6.976618170738220215e-01,-1.142980763688683510e-03
6.895181536674499512e-01,-4.679197445511817932e-02
6.993521451950073242e-01,-1.410754919052124023e-01
7.003473043441772461e-01,-2.026811055839061737e-02
6.954069137573242188e-01,-6.078932061791419983e-02
6.980416178703308105e-01,-1.046785116195678711e-01
5.000000000000000000e-01,-1.713216857415938432e-01
5.000000000000000000e-01,-1.576460466708569652e-01
5.000000000000000000e-01,-1.451172452740648322e-01
5.000000000000000000e-01,-1.336384118771166141e-01
5.000000000000000000e-01,-1.231209663448867148e-01
5.000000000000000000e-01,-1.134839014913529426e-01
5.000000000000000000e-01,-1.046531294285378139e-01
5.000000000000000000e-01,-9.656088517804999050e-02
5.000000000000000000e-01,-8.914518241058448644e-02
5.000000000000000000e-01,-8.234931666232885028e-02
5.000000000000000000e-01,-7.612141181087199449e-02
5.000000000000000000e-01,-7.041400598260043331e-02
5.000000000000000000e-01,-6.518367341417156957e-02
5.000000000000000000e-01,-6.039067910694288777e-02
5.000000000000000000e-01,-5.599866339900554102e-02
5.000000000000000000e-01,-5.197435383810126985e-02
5.000000000000000000e-01,-4.828730197294443804e-02
5.000000000000000000e-01,-4.490964289304226476e-02
5.000000000000000000e-01,-4.181587554008618646e-02
5.000000000000000000e-01,-3.898266198928705684e-02
5.000000000000000000e-01,-3.638864405857038242e-02
5.000000000000000000e-01,-3.401427574864594738e-02
5.000000000000000000e-01,-3.184167014921061856e-02
5.000000000000000000e-01,-2.985445956695169378e-02
5.000000000000000000e-01,-2.803766774085207636e-02
5.000000000000000000e-01,-2.637759311058633649e-02
5.000000000000000000e-01,-2.486170219527199243e-02
5.000000000000000000e-01,-2.347853222340016976e-02
5.000000000000000000e-01,-2.221760223141071300e-02
5.000000000000000000e-01,-2.106933191806863170e-02
5.000000000000000000e-01,-2.002496760637466344e-02
5.000000000000000000e-01,-1.907651472325415376e-02
5.000000000000000000e-01,-1.821667626163918363e-02
5.000000000000000000e-01,-1.743879673944785658e-02
5.000000000000000000e-01,-1.673681121609842115e-02
5.000000000000000000e-01,-1.610519896997590628e-02
5.000000000000000000e-01,-1.553894148029559552e-02
5.000000000000000000e-01,-1.503348439422662330e-02
5.000000000000000000e-01,-1.458470319551334604e-02
5.000000000000000000e-01,-1.418887232452785419e-02
5.000000000000000000e-01,-1.384263753247853834e-02
5.000000000000000000e-01,-1.354299128410633990e-02
5.000000000000000000e-01,-1.328725105511256721e-02
5.000000000000000000e-01,-1.539380400258998582e+00
5.000000000000000000e-01,-1.539380400258998582e+00
5.000000000000000000e-01,-1.539380400258998582e+00
5.000000000000000000e-01,-1.539380400258998582e+00
5.000000000000000000e-01,-1.539380400258998582e+00
5.000000000000000000e-01,-1.539380400258998582e+00
5.000000000000000000e-01,-1.539380400258998582e+00
5.000000000000000000e-01,-1.539380400258998582e+00
5.000000000000000000e-01,-1.539380400258998582e+00
5.000000000000000000e-01,-1.539380400258998582e+00
5.000000000000000000e-01,-1.484377665405600899e+00
5.000000000000000000e-01,-1.371201755917629717e+00
5.000000000000000000e-01,-1.267354588753153655e+00
5.000000000000000000e-01,-1.172014261811946900e+00
5.000000000000000000e-01,-1.084440452297181556e+00
5.000000000000000000e-01,-1.003964679618915445e+00
5.000000000000000000e-01,-9.299820364792290572e-01
5.000000000000000000e-01,-9.011726025910407056e-01
5.000000000000000000e-01,-8.273431886111930478e-01
5.000000000000000000e-01,-7.597415324165177619e-01
5.000000000000000000e-01,-6.978288479337455552e-01
5.000000000000000000e-01,-6.411150607245283961e-01
5.000000000000000000e-01,-5.891540161293968847e-01
5.000000000000000000e-01,-5.415392367880096369e-01
5.000000000000000000e-01,-4.979001514768073844e-01
5.000000000000000000e-01,-4.578987308586890959e-01
5.000000000000000000e-01,-4.212264766506182423e-01
5.000000000000000000e-01,-3.876017194736166016e-01
5.000000000000000000e-01,-3.567671877149523607e-01
5.000000000000000000e-01,-3.284878154633526504e-01
5.000000000000000000e-01,-3.025487622544334454e-01
5.000000000000000000e-01,-2.787536212031350158e-01
5.000000000000000000e-01,-2.569227952737110354e-01
5.000000000000000000e-01,-2.368920240786190345e-01
5.000000000000000000e-01,-2.185110458103574627e-01
5.000000000000000000e-01,-2.016423807771319798e-01
5.000000000000000000e-01,-1.861602245988452364e-01
5.000000000000000000e-01,-1.719494404757851425e-01
5.000000000000000000e-01,-1.589046411091137867e-01
5.000000000000000000e-01,-1.469293518625479078e-01
5.000000000000000000e-01,-1.359352476341795790e-01
5.000000000000000000e-01,-1.258414566775110655e-01
5.000000000000000000e-01,-1.165739252883762206e-01
5.000000000000000000e-01,-1.080648378729945208e-01
5.000000000000000000e-01,-1.002520874439321447e-01
5.000000000000000000e-01,-9.307879206395046345e-02
5.000000000000000000e-01,-8.649285318076653517e-02
5.000000000000000000e-01,-8.044655217499556421e-02
5.000000000000000000e-01,-7.489618178449734820e-02
5.000000000000000000e-01,-6.980170937561229472e-02
5.000000000000000000e-01,-6.512646930949177182e-02
5.000000000000000000e-01,-6.083688190305540366e-02
5.000000000000000000e-01,-5.690219671224720777e-02
5.000000000000000000e-01,-5.329425807283331984e-02
5.000000000000000000e-01,-4.998729102308789585e-02
5.000000000000000000e-01,-4.695770590563856650e-02
5.000000000000000000e-01,-4.418392010426845651e-02
5.000000000000000000e-01,-4.164619551721475410e-02
5.000000000000000000e-01,-3.932649050324403539e-02
5.000000000000000000e-01,-3.720832516189691297e-02
5.000000000000000000e-01,1.539380400258998582e+00
5.000000000000000000e-01,1.539380400258998582e+00
5.000000000000000000e-01,1.539380400258998582e+00
5.000000000000000000e-01,1.539380400258998582e+00
5.000000000000000000e-01,1.539380400258998582e+00
5.000000000000000000e-01,1.539380400258998582e+00
5.000000000000000000e-01,1.539380400258998582e+00
5.000000000000000000e-01,1.536023655416870914e+00
5.000000000000000000e-01,1.411490711513304630e+00
5.000000000000000000e-01,1.297524826865991576e+00
5.000000000000000000e-01,1.193177772219915722e+00
5.000000000000000000e-01,1.097595630622837382e+00
5.000000000000000000e-01,1.010007639462425777e+00
5.000000000000000000e-01,9.297166852362444001e-01
5.000000000000000000e-01,8.560911524380949711e-01
5.000000000000000000e-01,7.885578888458899538e-01
5.000000000000000000e-01,7.265960973508336362e-01
5.000000000000000000e-01,6.697320020493184867e-01
5.000000000000000000e-01,6.175341658585578042e-01
5.000000000000000000e-01,5.696093601809051332e-01
5.000000000000000000e-01,5.255989055142273880e-01
5.000000000000000000e-01,4.851754164656688073e-01
5.000000000000000000e-01,4.480398962112433492e-01
5.000000000000000000e-01,4.139191347041746849e-01
5.000000000000000000e-01,3.825633723739530478e-01
5.000000000000000000e-01,3.537441970667332680e-01
5.000000000000000000e-01,3.272526468588415338e-01
5.000000000000000000e-01,3.028974953649024582e-01
5.000000000000000000e-01,2.805036994437644648e-01
5.000000000000000000e-01,2.599109919228775323e-01
5.000000000000000000e-01,2.409726042268028334e-01
5.000000000000000000e-01,2.235541056968413653e-01
5.000000000000000000e-01,2.075323479954212513e-01
5.000000000000000000e-01,1.927945043559001204e-01
5.000000000000000000e-01,1.792371946096123492e-01
5.000000000000000000e-01,1.667656879318018537e-01
5.000000000000000000e-01,1.552931761246048592e-01
5.000000000000000000e-01,1.447401110210629338e-01
5.000000000000000000e-01,1.350336002672206104e-01
5.000000000000000000e-01,1.261068563351484539e-01
5.000000000000000000e-01,1.178986941502058600e-01
5.000000000000000000e-01,1.103530731918576507e-01
5.000000000000000000e-01,1.034186803574941721e-01
