6.349229812622070312e-01,-1.367058038711547852e+00
5.736359357833862305e-01,-1.262798190116882324e+00
4.951358139514923096e-01,-9.195508360862731934e-01
6.012287139892578125e-01,-1.239443659782409668e+00
4.590265452861785889e-01,-1.038705229759216309e+00
5.656318664550781250e-01,-1.195700645446777344e+00
4.592199623584747314e-01,-9.954256415367126465e-01
4.895944893360137939e-01,-9.449374079704284668e-01
5.372528433799743652e-01,-1.116956233978271484e+00
5.428511500358581543e-01,-1.226147532463073730e+00
6.579256057739257812e-01,-1.216205596923828125e+00
5.820010900497436523e-01,-8.746251463890075684e-01
6.253194808959960938e-01,-1.146902322769165039e+00
6.613981127738952637e-01,-1.045232653617858887e+00
6.876472234725952148e-01,-8.052756190299987793e-01
6.869681477546691895e-01,-5.432395339012145996e-01
6.969487667083740234e-01,-4.430245459079742432e-01
6.929929256439208984e-01,-3.650026619434356689e-01
6.972808837890625000e-01,-2.056158334016799927e-01
6.976253986358642578e-01,-1.130320057272911072e-01
6.971219182014465332e-01,-2.811459600925445557e-01
6.971142292022705078e-01,-2.907552123069763184e-01
6.770078539848327637e-01,-1.908531039953231812e-01
6.992017626762390137e-01,-3.838667571544647217e-01
5.000000000000000000e-01,1.539380400258998582e+00
5.000000000000000000e-01,1.539380400258998582e+00
5.000000000000000000e-01,1.507964473723100607e+00
5.000000000000000000e-01,1.476548547187202631e+00
5.000000000000000000e-01,1.445132620651304656e+00
5.000000000000000000e-01,1.413716694115406680e+00
5.000000000000000000e-01,1.382300767579508705e+00
5.000000000000000000e-01,1.350884841043610729e+00
5.000000000000000000e-01,1.319468914507712753e+00
5.000000000000000000e-01,1.288052987971814778e+00
5.000000000000000000e-01,1.256637061435916802e+00
5.000000000000000000e-01,1.225221134900018827e+00
5.000000000000000000e-01,1.193805208364120851e+00
5.000000000000000000e-01,1.162389281828222876e+00
5.000000000000000000e-01,1.130973355292324900e+00
5.000000000000000000e-01,1.099557428756426924e+00
5.000000000000000000e-01,1.068141502220528949e+00
5.000000000000000000e-01,1.036725575684630973e+00
5.000000000000000000e-01,1.005309649148732998e+00
5.000000000000000000e-01,9.738937226128350222e-01
5.000000000000000000e-01,9.424777960769370466e-01
7.008930444717407227e-01,-6.877967119216918945e-01
6.899785995483398438e-01,-1.043600440025329590e+00
6.964816451072692871e-01,-1.060665369033813477e+00
6.838935613632202148e-01,-7.489818334579467773e-01
7.013590931892395020e-01,5.125635489821434021e-02
6.985759735107421875e-01,7.712559401988983154e-02
6.978412866592407227e-01,3.019017726182937622e-02
7.007567286491394043e-01,1.351503282785415649e-01
7.007014751434326172e-01,2.190338373184204102e-01
7.015761733055114746e-01,2.209255248308181763e-01
7.049271464347839355e-01,2.696559429168701172e-01
6.862900853157043457e-01,2.971127629280090332e-01
6.957463026046752930e-01,3.604844212532043457e-01
6.835876107215881348e-01,4.761450588703155518e-01
6.881765127182006836e-01,5.625396370887756348e-01
6.976829767227172852e-01,5.462153553962707520e-01
6.444103717803955078e-01,6.253074407577514648e-01
6.977517008781433105e-01,6.259872317314147949e-01
6.881621479988098145e-01,6.510120630264282227e-01
6.881595253944396973e-01,8.499813675880432129e-01
7.016041278839111328e-01,8.005387783050537109e-01
6.991344690322875977e-01,6.709817647933959961e-01
6.983545422554016113e-01,7.764931321144104004e-01
6.995177268981933594e-01,9.696359038352966309e-01
6.920061707496643066e-01,8.190564513206481934e-01
7.047616839408874512e-01,7.496045231819152832e-01
7.053070068359375000e-01,5.983518362045288086e-01
7.063031792640686035e-01,6.913711428642272949e-01
7.097444534301757812e-01,6.230652332305908203e-01
7.060632109642028809e-01,6.662089824676513672e-01
7.053234577178955078e-01,5.086427927017211914e-01
7.215133309364318848e-01,6.858188509941101074e-01
7.117040157318115234e-01,5.889255404472351074e-01
7.030416727066040039e-01,2.833998799324035645e-01
5.000000000000000000e-01,-1.539380400258998582e+00
5.000000000000000000e-01,1.539380400258998582e+00
5.000000000000000000e-01,1.507964473723100607e+00
5.000000000000000000e-01,1.476548547187202631e+00
5.000000000000000000e-01,1.445132620651304656e+00
5.000000000000000000e-01,1.413716694115406680e+00
5.000000000000000000e-01,1.382300767579508705e+00
5.000000000000000000e-01,1.350884841043610729e+00
5.000000000000000000e-01,1.319468914507712753e+00
5.000000000000000000e-01,1.288052987971814778e+00
5.000000000000000000e-01,1.256637061435916802e+00
5.000000000000000000e-01,1.225221134900018827e+00
5.000000000000000000e-01,1.193805208364120851e+00
5.000000000000000000e-01,1.162389281828222876e+00
5.000000000000000000e-01,1.130973355292324900e+00
5.000000000000000000e-01,1.099557428756426924e+00
5.000000000000000000e-01,1.068141502220528949e+00
5.000000000000000000e-01,1.036725575684630973e+00
5.000000000000000000e-01,1.005309649148732998e+00
5.000000000000000000e-01,9.738937226128350222e-01
5.000000000000000000e-01,9.424777960769370466e-01
5.000000000000000000e-01,9.110618695410390711e-01
5.000000000000000000e-01,8.796459430051410955e-01
5.000000000000000000e-01,8.482300164692431199e-01
5.000000000000000000e-01,8.168140899333451443e-01
5.000000000000000000e-01,7.853981633974471688e-01
5.000000000000000000e-01,7.539822368615491932e-01
5.000000000000000000e-01,7.225663103256512176e-01
5.000000000000000000e-01,6.911503837897532421e-01
5.000000000000000000e-01,6.597344572538552665e-01
5.000000000000000000e-01,6.283185307179572909e-01
5.000000000000000000e-01,5.969026041820593154e-01
5.000000000000000000e-01,5.654866776461613398e-01
5.000000000000000000e-01,5.340707511102633642e-01
5.000000000000000000e-01,5.026548245743653887e-01
5.000000000000000000e-01,4.712388980384674686e-01
5.000000000000000000e-01,4.398229715025695485e-01
5.000000000000000000e-01,4.084070449666716285e-01
5.000000000000000000e-01,3.769911184307737084e-01
5.000000000000000000e-01,3.455751918948757884e-01
5.000000000000000000e-01,3.141592653589778683e-01
5.000000000000000000e-01,2.827433388230799483e-01
5.000000000000000000e-01,2.513274122871820282e-01
5.000000000000000000e-01,2.199114857512841081e-01
5.000000000000000000e-01,1.884955592153861881e-01
5.000000000000000000e-01,1.570796326794882680e-01
7.053981423377990723e-01,2.053296416997909546e-01
6.995404958724975586e-01,6.069827079772949219e-02
7.011631131172180176e-01,7.786140590906143188e-02
6.997743844985961914e-01,-2.285512536764144897e-01
6.976430416107177734e-01,-1.409748941659927368e-01
6.972315311431884766e-01,-1.923692673444747925e-01
7.003989219665527344e-01,-2.572355568408966064e-01
6.983029246330261230e-01,-1.337030977010726929e-01
7.006047964096069336e-01,-3.505666851997375488e-01
6.928104162216186523e-01,-3.693477809429168701e-01
6.932534575462341309e-01,-3.186610639095306396e-01
6.982266306877136230e-01,-2.764421403408050537e-01
6.979014277458190918e-01,-1.836970150470733643e-01
6.963185071945190430e-01,-1.945859193801879883e-01
6.955050230026245117e-01,-1.465835124254226685e-01
6.974113583564758301e-01,-1.248480677604675293e-01
6.971196532249450684e-01,-1.453248411417007446e-01
6.985915303230285645e-01,-1.492190212011337280e-01
6.979256868362426758e-01,-1.595695316791534424e-01
6.945532560348510742e-01,-2.010829001665115356e-01
6.933001279830932617e-01,-1.577977538108825684e-01
6.931746006011962891e-01,-1.619481444358825684e-01
6.942040324211120605e-01,-7.112701237201690674e-02
6.915500760078430176e-01,-2.461597882211208344e-02
6.943501234054565430e-01,-3.039000555872917175e-02
6.954605579376220703e-01,-8.029376715421676636e-02
6.908561587333679199e-01,-3.924664482474327087e-02
6.953749656677246094e-01,-7.557377964258193970e-02
6.959557533264160156e-01,-6.292060762643814087e-02
6.960610151290893555e-01,-6.066839769482612610e-02
6.955839395523071289e-01,-4.760995507240295410e-02
5.000000000000000000e-01,-1.539380400258998582e+00
5.000000000000000000e-01,-1.539380400258998582e+00
5.000000000000000000e-01,-1.507964473723100607e+00
5.000000000000000000e-01,-1.476548547187202631e+00
5.000000000000000000e-01,-1.445132620651304656e+00
5.000000000000000000e-01,-1.413716694115406680e+00
5.000000000000000000e-01,-1.382300767579508705e+00
5.000000000000000000e-01,-1.350884841043610729e+00
5.000000000000000000e-01,-1.319468914507712753e+00
5.000000000000000000e-01,-1.288052987971814778e+00
5.000000000000000000e-01,-1.256637061435916802e+00
5.000000000000000000e-01,-1.225221134900018827e+00
5.000000000000000000e-01,-1.193805208364120851e+00
5.000000000000000000e-01,-1.162389281828222876e+00
5.000000000000000000e-01,-1.130973355292324900e+00
5.000000000000000000e-01,-1.099557428756426924e+00
5.000000000000000000e-01,-1.068141502220528949e+00
5.000000000000000000e-01,-1.036725575684630973e+00
5.000000000000000000e-01,-1.005309649148732998e+00
5.000000000000000000e-01,-9.738937226128350222e-01
5.000000000000000000e-01,-9.424777960769370466e-01
5.000000000000000000e-01,-9.110618695410390711e-01
5.000000000000000000e-01,-8.796459430051410955e-01
5.000000000000000000e-01,-8.482300164692431199e-01
5.000000000000000000e-01,-8.168140899333451443e-01
5.000000000000000000e-01,-7.853981633974471688e-01
5.000000000000000000e-01,-7.539822368615491932e-01
5.000000000000000000e-01,-7.225663103256512176e-01
5.000000000000000000e-01,-6.911503837897532421e-01
5.000000000000000000e-01,-6.597344572538552665e-01
5.000000000000000000e-01,-6.283185307179572909e-01
5.000000000000000000e-01,-5.969026041820593154e-01
5.000000000000000000e-01,-5.654866776461613398e-01
5.000000000000000000e-01,-5.340707511102633642e-01
5.000000000000000000e-01,-5.026548245743653887e-01
5.000000000000000000e-01,-4.712388980384674686e-01
5.000000000000000000e-01,-4.398229715025695485e-01
5.000000000000000000e-01,-4.084070449666716285e-01
5.000000000000000000e-01,-3.769911184307737084e-01
5.000000000000000000e-01,-3.455751918948757884e-01
6.944582462310791016e-01,-4.675807356834411621e-01
6.849285364151000977e-01,-4.037972390651702881e-01
6.905566453933715820e-01,-2.536782622337341309e-01
6.971199512481689453e-01,-7.860633730888366699e-02
6.926509141921997070e-01,-7.962583005428314209e-02
6.979454159736633301e-01,1.337166689336299896e-02
6.943829059600830078e-01,-8.623151108622550964e-03
6.989207267761230469e-01,2.872139774262905121e-02
6.995844841003417969e-01,8.679579943418502808e-02
7.014227509498596191e-01,6.688415259122848511e-02
6.948804855346679688e-01,6.074426323175430298e-02
6.940952539443969727e-01,2.002281546592712402e-01
6.979421377182006836e-01,9.809947013854980469e-02
6.957449913024902344e-01,1.147677898406982422e-01
6.991160511970520020e-01,5.895286798477172852e-02
6.995463967323303223e-01,9.887216240167617798e-02
7.016445994377136230e-01,2.009160518646240234e-01
6.963708400726318359e-01,2.343004494905471802e-01
6.988185644149780273e-01,1.875991225242614746e-01
6.979265213012695312e-01,1.727274954319000244e-01
7.041435837745666504e-01,3.617269992828369141e-01
6.988328099250793457e-01,3.700747489929199219e-01
7.022942900657653809e-01,3.559462428092956543e-01
7.010985016822814941e-01,2.872778177261352539e-01
6.981806755065917969e-01,2.891870141029357910e-01
6.976447701454162598e-01,2.679025232791900635e-01
7.068046927452087402e-01,4.840165376663208008e-01
7.063409090042114258e-01,4.184041321277618408e-01
7.051973342895507812e-01,3.385809659957885742e-01
7.026600241661071777e-01,2.130022644996643066e-01
6.974138617515563965e-01,1.229987740516662598e-01
5.000000000000000000e-01,-1.539380400258998582e+00
5.000000000000000000e-01,1.539380400258998582e+00
5.000000000000000000e-01,1.507964473723100607e+00
5.000000000000000000e-01,1.476548547187202631e+00
5.000000000000000000e-01,1.445132620651304656e+00
5.000000000000000000e-01,1.413716694115406680e+00
5.000000000000000000e-01,1.382300767579508705e+00
5.000000000000000000e-01,1.350884841043610729e+00
5.000000000000000000e-01,1.319468914507712753e+00
5.000000000000000000e-01,1.288052987971814778e+00
5.000000000000000000e-01,1.256637061435916802e+00
5.000000000000000000e-01,1.225221134900018827e+00
5.000000000000000000e-01,1.193805208364120851e+00
5.000000000000000000e-01,1.162389281828222876e+00
5.000000000000000000e-01,1.130973355292324900e+00
5.000000000000000000e-01,1.099557428756426924e+00
5.000000000000000000e-01,1.068141502220528949e+00
5.000000000000000000e-01,1.036725575684630973e+00
5.000000000000000000e-01,1.005309649148732998e+00
5.000000000000000000e-01,9.738937226128350222e-01
5.000000000000000000e-01,9.424777960769370466e-01
5.000000000000000000e-01,9.110618695410390711e-01
5.000000000000000000e-01,8.796459430051410955e-01
5.000000000000000000e-01,8.482300164692431199e-01
5.000000000000000000e-01,8.168140899333451443e-01
5.000000000000000000e-01,7.853981633974471688e-01
5.000000000000000000e-01,7.539822368615491932e-01
5.000000000000000000e-01,7.225663103256512176e-01
5.000000000000000000e-01,6.911503837897532421e-01
5.000000000000000000e-01,6.597344572538552665e-01
5.000000000000000000e-01,6.283185307179572909e-01
5.000000000000000000e-01,5.969026041820593154e-01
5.000000000000000000e-01,5.654866776461613398e-01
5.000000000000000000e-01,5.340707511102633642e-01
5.000000000000000000e-01,5.026548245743653887e-01
5.000000000000000000e-01,4.712388980384674686e-01
5.000000000000000000e-01,4.398229715025695485e-01
5.000000000000000000e-01,4.084070449666716285e-01
5.000000000000000000e-01,3.769911184307737084e-01
5.000000000000000000e-01,3.455751918948757884e-01
5.000000000000000000e-01,3.141592653589778683e-01
5.000000000000000000e-01,2.827433388230799483e-01
5.000000000000000000e-01,2.513274122871820282e-01
5.000000000000000000e-01,2.199114857512841081e-01
5.000000000000000000e-01,1.884955592153861881e-01
5.000000000000000000e-01,1.570796326794882680e-01
5.000000000000000000e-01,-1.539380400258998582e+00
5.000000000000000000e-01,-1.507964473723100607e+00
5.000000000000000000e-01,-1.476548547187202631e+00
5.000000000000000000e-01,-1.445132620651304656e+00
5.000000000000000000e-01,-1.413716694115406680e+00
5.000000000000000000e-01,-1.382300767579508705e+00
5.000000000000000000e-01,-1.350884841043610729e+00
5.000000000000000000e-01,-1.319468914507712753e+00
5.000000000000000000e-01,-1.288052987971814778e+00
5.000000000000000000e-01,-1.256637061435916802e+00
5.000000000000000000e-01,-1.225221134900018827e+00
5.000000000000000000e-01,-1.193805208364120851e+00
5.000000000000000000e-01,-1.162389281828222876e+00
5.000000000000000000e-01,-1.130973355292324900e+00
5.000000000000000000e-01,-1.099557428756426924e+00
5.000000000000000000e-01,-1.068141502220528949e+00
5.000000000000000000e-01,-1.036725575684630973e+00
5.000000000000000000e-01,-1.005309649148732998e+00
5.000000000000000000e-01,-9.738937226128350222e-01
5.000000000000000000e-01,-9.424777960769370466e-01
5.000000000000000000e-01,-9.110618695410390711e-01
5.000000000000000000e-01,-8.796459430051410955e-01
5.000000000000000000e-01,-8.482300164692431199e-01
5.000000000000000000e-01,-8.168140899333451443e-01
5.000000000000000000e-01,-7.853981633974471688e-01
5.000000000000000000e-01,-7.539822368615491932e-01
5.000000000000000000e-01,-7.225663103256512176e-01
5.000000000000000000e-01,-6.911503837897532421e-01
5.000000000000000000e-01,-6.597344572538552665e-01
5.000000000000000000e-01,-6.283185307179572909e-01
5.000000000000000000e-01,-5.969026041820593154e-01
5.000000000000000000e-01,-5.654866776461613398e-01
5.000000000000000000e-01,-5.340707511102633642e-01
5.000000000000000000e-01,-5.026548245743653887e-01
5.000000000000000000e-01,-4.712388980384674686e-01
6.481189727783203125e-01,-8.453350663185119629e-01
6.918935179710388184e-01,-8.548139333724975586e-01
6.932641267776489258e-01,-8.175048828125000000e-01
7.087391614913940430e-01,-1.001162886619567871e+00
6.904954314231872559e-01,-1.387849807739257812e+00
6.986045837402343750e-01,-1.643671870231628418e+00
6.834953427314758301e-01,-1.323917865753173828e+00
6.813929677009582520e-01,-1.300518989562988281e+00
6.923668980598449707e-01,-6.426520347595214844e-01
6.980895996093750000e-01,-1.477205753326416016e-01
7.011547684669494629e-01,9.685924649238586426e-02
7.000986933708190918e-01,-7.910317741334438324e-03
7.062203288078308105e-01,-5.244591459631919861e-02
7.022603154182434082e-01,-1.865939609706401825e-02
7.039289474487304688e-01,-3.583930432796478271e-02
6.979205608367919922e-01,4.795755073428153992e-02
7.029839754104614258e-01,-1.371003985404968262e-01
7.013738155364990234e-01,-1.032514274120330811e-01
6.993865966796875000e-01,-2.359071820974349976e-01
6.985442638397216797e-01,-2.126236259937286377e-01
6.898247599601745605e-01,-3.641864359378814697e-01
6.995635032653808594e-01,-6.054790616035461426e-01
7.073957920074462891e-01,-3.672546520829200745e-02
6.947523355484008789e-01,-2.909548580646514893e-01
6.992729306221008301e-01,-1.109702512621879578e-01
6.936143636703491211e-01,-4.800046980381011963e-01
7.021600604057312012e-01,-3.241697251796722412e-01
6.930514574050903320e-01,-2.994320392608642578e-01
7.087902426719665527e-01,-4.327816963195800781e-01
6.970529556274414062e-01,-4.570966660976409912e-01
6.981499195098876953e-01,-2.234463989734649658e-01
6.972087025642395020e-01,-1.076487451791763306e-01
7.002494335174560547e-01,-9.462466835975646973e-02
7.018053531646728516e-01,-2.152068018913269043e-01
5.000000000000000000e-01,-1.539380400258998582e+00
6.956089735031127930e-01,-3.533310890197753906e-01
6.976957917213439941e-01,-4.807445704936981201e-01
6.989321708679199219e-01,-3.828375339508056641e-01
6.932144165039062500e-01,-6.139988899230957031e-01
5.000000000000000000e-01,1.539380400258998582e+00
0.000000000000000000e+00,1.570796326794896558e+00
0.000000000000000000e+00,1.570796326794896558e+00
0.000000000000000000e+00,1.570796326794896558e+00
0.000000000000000000e+00,1.570796326794896558e+00
0.000000000000000000e+00,1.570796326794896558e+00
0.000000000000000000e+00,1.570796326794896558e+00
0.000000000000000000e+00,1.570796326794896558e+00
0.000000000000000000e+00,1.570796326794896558e+00
0.000000000000000000e+00,1.570796326794896558e+00
0.000000000000000000e+00,1.570796326794896558e+00
0.000000000000000000e+00,1.570796326794896558e+00
0.000000000000000000e+00,1.570796326794896558e+00
0.000000000000000000e+00,1.570796326794896558e+00
0.000000000000000000e+00,1.570796326794896558e+00
0.000000000000000000e+00,1.570796326794896558e+00
0.000000000000000000e+00,1.570796326794896558e+00
0.000000000000000000e+00,1.570796326794896558e+00
0.000000000000000000e+00,1.570796326794896558e+00
0.000000000000000000e+00,1.570796326794896558e+00
0.000000000000000000e+00,1.570796326794896558e+00
0.000000000000000000e+00,1.570796326794896558e+00
0.000000000000000000e+00,1.570796326794896558e+00
0.000000000000000000e+00,1.570796326794896558e+00
0.000000000000000000e+00,1.570796326794896558e+00
0.000000000000000000e+00,1.570796326794896558e+00
0.000000000000000000e+00,1.570796326794896558e+00
0.000000000000000000e+00,1.570796326794896558e+00
0.000000000000000000e+00,1.570796326794896558e+00
0.000000000000000000e+00,1.570796326794896558e+00
0.000000000000000000e+00,1.570796326794896558e+00
0.000000000000000000e+00,1.570796326794896558e+00
0.000000000000000000e+00,1.570796326794896558e+00
0.000000000000000000e+00,1.570796326794896558e+00
0.000000000000000000e+00,1.570796326794896558e+00
0.000000000000000000e+00,1.570796326794896558e+00
0.000000000000000000e+00,1.570796326794896558e+00
0.000000000000000000e+00,1.570796326794896558e+00
0.000000000000000000e+00,1.570796326794896558e+00
0.000000000000000000e+00,1.570796326794896558e+00
0.000000000000000000e+00,1.570796326794896558e+00
5.000000000000000000e-01,-1.539380400258998582e+00
5.000000000000000000e-01,-1.507964473723100607e+00
6.926279664039611816e-01,-1.075932741165161133e+00
5.000000000000000000e-01,-1.539380400258998582e+00
5.000000000000000000e-01,-1.507964473723100607e+00
5.000000000000000000e-01,-1.476548547187202631e+00
5.000000000000000000e-01,-1.445132620651304656e+00
5.000000000000000000e-01,-1.413716694115406680e+00
5.000000000000000000e-01,-1.382300767579508705e+00
5.000000000000000000e-01,-1.350884841043610729e+00
5.000000000000000000e-01,-1.319468914507712753e+00
5.000000000000000000e-01,-1.288052987971814778e+00
5.000000000000000000e-01,-1.256637061435916802e+00
5.000000000000000000e-01,-1.225221134900018827e+00
5.000000000000000000e-01,-1.193805208364120851e+00
5.000000000000000000e-01,-1.162389281828222876e+00
5.000000000000000000e-01,-1.130973355292324900e+00
5.000000000000000000e-01,-1.099557428756426924e+00
5.000000000000000000e-01,-1.068141502220528949e+00
5.000000000000000000e-01,-1.036725575684630973e+00
5.000000000000000000e-01,-1.005309649148732998e+00
5.000000000000000000e-01,-9.738937226128350222e-01
5.000000000000000000e-01,-9.424777960769370466e-01
5.000000000000000000e-01,-9.110618695410390711e-01
5.000000000000000000e-01,-8.796459430051410955e-01
5.000000000000000000e-01,-8.482300164692431199e-01
5.000000000000000000e-01,-8.168140899333451443e-01
5.000000000000000000e-01,-7.853981633974471688e-01
5.000000000000000000e-01,-7.539822368615491932e-01
5.000000000000000000e-01,-7.225663103256512176e-01
5.000000000000000000e-01,-6.911503837897532421e-01
5.000000000000000000e-01,-6.597344572538552665e-01
5.000000000000000000e-01,-6.283185307179572909e-01
5.000000000000000000e-01,-5.969026041820593154e-01
5.000000000000000000e-01,-5.654866776461613398e-01
5.000000000000000000e-01,-5.340707511102633642e-01
5.000000000000000000e-01,-5.026548245743653887e-01
5.000000000000000000e-01,-4.712388980384674686e-01
5.000000000000000000e-01,-4.398229715025695485e-01
5.000000000000000000e-01,-4.084070449666716285e-01
5.000000000000000000e-01,-3.769911184307737084e-01
5.000000000000000000e-01,-3.455751918948757884e-01
5.000000000000000000e-01,-3.141592653589778683e-01
5.000000000000000000e-01,-2.827433388230799483e-01
5.000000000000000000e-01,-2.513274122871820282e-01
5.000000000000000000e-01,-2.199114857512841081e-01
5.000000000000000000e-01,-1.884955592153861881e-01
5.000000000000000000e-01,-1.570796326794882680e-01
5.000000000000000000e-01,-1.256637061435903480e-01
5.000000000000000000e-01,-9.424777960769241403e-02
5.000000000000000000e-01,-6.283185307179448009e-02
5.000000000000000000e-01,-3.141592653589654616e-02
5.000000000000000000e-01,0.000000000000000000e+00
5.000000000000000000e-01,0.000000000000000000e+00
5.000000000000000000e-01,0.000000000000000000e+00
5.000000000000000000e-01,0.000000000000000000e+00
5.000000000000000000e-01,0.000000000000000000e+00
5.000000000000000000e-01,0.000000000000000000e+00
5.000000000000000000e-01,0.000000000000000000e+00
5.000000000000000000e-01,0.000000000000000000e+00
5.000000000000000000e-01,0.000000000000000000e+00
5.000000000000000000e-01,0.000000000000000000e+00
5.000000000000000000e-01,0.000000000000000000e+00
6.706365346908569336e-01,-1.632240414619445801e+00
6.699776649475097656e-01,-1.522093653678894043e+00
6.763677597045898438e-01,-1.405372619628906250e+00
6.828290224075317383e-01,-1.198884844779968262e+00
6.751576662063598633e-01,-9.996916651725769043e-01
6.849310994148254395e-01,-6.254226565361022949e-01
6.811130046844482422e-01,-4.772835075855255127e-01
6.929757595062255859e-01,-2.557018399238586426e-01
6.906740069389343262e-01,-2.487544864416122437e-01
6.967543363571166992e-01,-2.437837123870849609e-01
6.918385624885559082e-01,-1.900039166212081909e-01
6.894986033439636230e-01,-2.903858721256256104e-01
6.930450201034545898e-01,-3.609440624713897705e-01
6.960992813110351562e-01,-1.970655173063278198e-01
6.874544024467468262e-01,-1.763030290603637695e-01
6.970332264900207520e-01,-3.725487366318702698e-02
6.939240694046020508e-01,-3.331246972084045410e-01
6.931805610656738281e-01,-1.876508146524429321e-01
6.924248337745666504e-01,-1.465800497680902481e-02
7.008873820304870605e-01,-2.256006747484207153e-01
6.966621875762939453e-01,-4.510769546031951904e-01
6.978893280029296875e-01,-2.072124332189559937e-01
6.964915394783020020e-01,-2.779683470726013184e-01
6.943218111991882324e-01,-2.898641526699066162e-01
7.111412882804870605e-01,2.202867902815341949e-02
6.946296691894531250e-01,-5.022526979446411133e-01
6.692077517509460449e-01,-2.234062254428863525e-01
7.082001566886901855e-01,-3.871872127056121826e-01
7.003852725028991699e-01,-9.713701605796813965e-01
7.030186057090759277e-01,-5.492305159568786621e-01
6.953243613243103027e-01,-1.236989140510559082e+00
5.000000000000000000e-01,-1.539380400258998582e+00
5.000000000000000000e-01,-1.539380400258998582e+00
5.000000000000000000e-01,-1.507964473723100607e+00
5.000000000000000000e-01,-1.476548547187202631e+00
5.000000000000000000e-01,-1.445132620651304656e+00
5.000000000000000000e-01,-1.413716694115406680e+00
5.000000000000000000e-01,-1.382300767579508705e+00
5.000000000000000000e-01,-1.350884841043610729e+00
5.000000000000000000e-01,-1.319468914507712753e+00
5.000000000000000000e-01,-1.288052987971814778e+00
5.000000000000000000e-01,-1.256637061435916802e+00
5.000000000000000000e-01,-1.225221134900018827e+00
5.000000000000000000e-01,-1.193805208364120851e+00
5.000000000000000000e-01,-1.162389281828222876e+00
5.000000000000000000e-01,-1.130973355292324900e+00
5.000000000000000000e-01,-1.099557428756426924e+00
5.000000000000000000e-01,-1.068141502220528949e+00
5.000000000000000000e-01,-1.036725575684630973e+00
5.000000000000000000e-01,-1.005309649148732998e+00
5.000000000000000000e-01,-9.738937226128350222e-01
5.000000000000000000e-01,-9.424777960769370466e-01
5.000000000000000000e-01,-9.110618695410390711e-01
5.000000000000000000e-01,-8.796459430051410955e-01
5.000000000000000000e-01,-8.482300164692431199e-01
5.000000000000000000e-01,-8.168140899333451443e-01
5.000000000000000000e-01,-7.853981633974471688e-01
5.000000000000000000e-01,-7.539822368615491932e-01
5.000000000000000000e-01,-7.225663103256512176e-01
5.000000000000000000e-01,-6.911503837897532421e-01
5.000000000000000000e-01,-6.597344572538552665e-01
5.000000000000000000e-01,-6.283185307179572909e-01
5.000000000000000000e-01,1.539380400258998582e+00
5.000000000000000000e-01,1.507964473723100607e+00
5.000000000000000000e-01,1.476548547187202631e+00
5.000000000000000000e-01,1.445132620651304656e+00
5.000000000000000000e-01,1.413716694115406680e+00
5.000000000000000000e-01,1.382300767579508705e+00
5.000000000000000000e-01,1.350884841043610729e+00
5.000000000000000000e-01,1.319468914507712753e+00
5.000000000000000000e-01,1.288052987971814778e+00
5.000000000000000000e-01,1.256637061435916802e+00
5.000000000000000000e-01,1.225221134900018827e+00
5.000000000000000000e-01,1.193805208364120851e+00
5.000000000000000000e-01,1.162389281828222876e+00
5.000000000000000000e-01,1.130973355292324900e+00
5.000000000000000000e-01,1.099557428756426924e+00
5.000000000000000000e-01,1.068141502220528949e+00
5.000000000000000000e-01,1.036725575684630973e+00
5.000000000000000000e-01,1.005309649148732998e+00
5.000000000000000000e-01,9.738937226128350222e-01
5.000000000000000000e-01,9.424777960769370466e-01
5.000000000000000000e-01,9.110618695410390711e-01
5.000000000000000000e-01,8.796459430051410955e-01
5.000000000000000000e-01,8.482300164692431199e-01
5.000000000000000000e-01,8.168140899333451443e-01
5.000000000000000000e-01,7.853981633974471688e-01
5.000000000000000000e-01,7.539822368615491932e-01
5.000000000000000000e-01,7.225663103256512176e-01
5.000000000000000000e-01,6.911503837897532421e-01
5.000000000000000000e-01,6.597344572538552665e-01
5.000000000000000000e-01,6.283185307179572909e-01
5.000000000000000000e-01,5.969026041820593154e-01
5.000000000000000000e-01,5.654866776461613398e-01
5.000000000000000000e-01,5.340707511102633642e-01
5.000000000000000000e-01,5.026548245743653887e-01
5.000000000000000000e-01,4.712388980384674686e-01
5.000000000000000000e-01,4.398229715025695485e-01
5.000000000000000000e-01,4.084070449666716285e-01
5.000000000000000000e-01,3.769911184307737084e-01
5.000000000000000000e-01,3.455751918948757884e-01
5.000000000000000000e-01,3.141592653589778683e-01
5.000000000000000000e-01,2.827433388230799483e-01
5.000000000000000000e-01,2.513274122871820282e-01
5.000000000000000000e-01,2.199114857512841081e-01
5.000000000000000000e-01,1.884955592153861881e-01
5.000000000000000000e-01,1.570796326794882680e-01
5.000000000000000000e-01,1.256637061435903480e-01
5.000000000000000000e-01,9.424777960769241403e-02
5.000000000000000000e-01,6.283185307179448009e-02
5.000000000000000000e-01,3.141592653589654616e-02
5.000000000000000000e-01,0.000000000000000000e+00
5.000000000000000000e-01,0.000000000000000000e+00
5.000000000000000000e-01,0.000000000000000000e+00
5.000000000000000000e-01,0.000000000000000000e+00
5.000000000000000000e-01,0.000000000000000000e+00
5.000000000000000000e-01,0.000000000000000000e+00
5.000000000000000000e-01,0.000000000000000000e+00
5.000000000000000000e-01,0.000000000000000000e+00
5.000000000000000000e-01,0.000000000000000000e+00
5.000000000000000000e-01,0.000000000000000000e+00
5.000000000000000000e-01,0.000000000000000000e+00
5.000000000000000000e-01,0.000000000000000000e+00
5.000000000000000000e-01,0.000000000000000000e+00
5.970058441162109375e-01,9.624246954917907715e-01
6.397843956947326660e-01,4.754109978675842285e-01
6.286841034889221191e-01,7.236285209655761719e-01
6.300345063209533691e-01,4.427583217620849609e-01
6.724363565444946289e-01,4.831806123256683350e-01
6.370927095413208008e-01,3.004368841648101807e-01
5.433108806610107422e-01,3.476364314556121826e-01
6.936230063438415527e-01,3.155242800712585449e-01
5.828764438629150391e-01,4.131764471530914307e-01
6.975786685943603516e-01,3.053953349590301514e-01
6.466992497444152832e-01,3.191964626312255859e-01
4.891356229782104492e-01,3.547555804252624512e-01
5.246025323867797852e-01,-1.853817105293273926e-01
4.375029504299163818e-01,5.065646171569824219e-01
6.201251149177551270e-01,1.239502280950546265e-01
5.680339932441711426e-01,8.606748282909393311e-02
5.327532887458801270e-01,9.233210235834121704e-02
6.219616532325744629e-01,1.952169090509414673e-01
5.790646076202392578e-01,3.295132219791412354e-01
5.837587118148803711e-01,2.971616387367248535e-01
5.691889524459838867e-01,5.124305486679077148e-01
6.125621199607849121e-01,1.426110789179801941e-02
5.729883313179016113e-01,3.889556825160980225e-01
6.942189931869506836e-01,8.399385958909988403e-02
6.805449128150939941e-01,-7.303893100470304489e-03
6.437104940414428711e-01,-4.616835117340087891e-01
6.444961428642272949e-01,-2.314325422048568726e-01
7.212133407592773438e-01,-3.694613277912139893e-01
7.042309641838073730e-01,7.660266757011413574e-02
6.993613243103027344e-01,-2.615187317132949829e-02
6.974255442619323730e-01,-4.608058556914329529e-02
6.960632205009460449e-01,-1.050939559936523438e-01
7.010262012481689453e-01,-8.294963836669921875e-02
6.966511607170104980e-01,-1.566907316446304321e-01
5.000000000000000000e-01,-1.539380400258998582e+00
5.000000000000000000e-01,1.539380400258998582e+00
5.000000000000000000e-01,1.507964473723100607e+00
5.000000000000000000e-01,1.476548547187202631e+00
5.000000000000000000e-01,1.445132620651304656e+00
5.000000000000000000e-01,1.413716694115406680e+00
5.000000000000000000e-01,1.382300767579508705e+00
5.000000000000000000e-01,1.350884841043610729e+00
5.000000000000000000e-01,1.319468914507712753e+00
5.000000000000000000e-01,1.288052987971814778e+00
5.000000000000000000e-01,1.256637061435916802e+00
5.000000000000000000e-01,1.225221134900018827e+00
5.000000000000000000e-01,1.193805208364120851e+00
5.000000000000000000e-01,1.162389281828222876e+00
5.000000000000000000e-01,1.130973355292324900e+00
5.000000000000000000e-01,1.099557428756426924e+00
5.000000000000000000e-01,1.068141502220528949e+00
5.000000000000000000e-01,1.036725575684630973e+00
5.000000000000000000e-01,1.005309649148732998e+00
5.000000000000000000e-01,9.738937226128350222e-01
5.000000000000000000e-01,9.424777960769370466e-01
5.000000000000000000e-01,9.110618695410390711e-01
5.000000000000000000e-01,8.796459430051410955e-01
5.000000000000000000e-01,8.482300164692431199e-01
5.000000000000000000e-01,8.168140899333451443e-01
5.000000000000000000e-01,7.853981633974471688e-01
5.000000000000000000e-01,7.539822368615491932e-01
5.000000000000000000e-01,7.225663103256512176e-01
5.000000000000000000e-01,6.911503837897532421e-01
5.000000000000000000e-01,6.597344572538552665e-01
5.000000000000000000e-01,6.283185307179572909e-01
5.000000000000000000e-01,5.969026041820593154e-01
5.000000000000000000e-01,5.654866776461613398e-01
5.000000000000000000e-01,5.340707511102633642e-01
5.000000000000000000e-01,5.026548245743653887e-01
5.000000000000000000e-01,4.712388980384674686e-01
5.000000000000000000e-01,4.398229715025695485e-01
5.000000000000000000e-01,4.084070449666716285e-01
5.000000000000000000e-01,3.769911184307737084e-01
5.000000000000000000e-01,3.455751918948757884e-01
5.000000000000000000e-01,3.141592653589778683e-01
5.000000000000000000e-01,2.827433388230799483e-01
5.000000000000000000e-01,2.513274122871820282e-01
5.000000000000000000e-01,2.199114857512841081e-01
5.000000000000000000e-01,1.884955592153861881e-01
5.000000000000000000e-01,1.570796326794882680e-01
5.000000000000000000e-01,1.256637061435903480e-01
5.000000000000000000e-01,9.424777960769241403e-02
5.000000000000000000e-01,6.283185307179448009e-02
5.000000000000000000e-01,3.141592653589654616e-02
5.000000000000000000e-01,0.000000000000000000e+00
5.000000000000000000e-01,0.000000000000000000e+00
5.000000000000000000e-01,0.000000000000000000e+00
7.114184498786926270e-01,-7.304250448942184448e-02
6.970313191413879395e-01,3.153332769870758057e-01
7.009770274162292480e-01,2.883763611316680908e-02
7.049023509025573730e-01,2.470815628767013550e-01
7.054403424263000488e-01,1.700582541525363922e-02
6.954914927482604980e-01,7.114089280366897583e-02
7.005102038383483887e-01,-3.221476078033447266e-01
6.933272480964660645e-01,-5.096408352255821228e-02
6.868515014648437500e-01,-4.845626354217529297e-01
6.933490037918090820e-01,-3.879784643650054932e-01
7.000799775123596191e-01,-2.031885832548141479e-01
6.931916475296020508e-01,-3.248407691717147827e-02
6.929852366447448730e-01,-1.755679100751876831e-01
6.983886361122131348e-01,-2.234287708997726440e-01
6.927233934402465820e-01,4.844922572374343872e-02
6.928026676177978516e-01,-1.766166090965270996e-01
6.952978968620300293e-01,-1.084009930491447449e-01
6.950997710227966309e-01,-8.753561973571777344e-02
6.970170140266418457e-01,-1.463397443294525146e-01
6.968905329704284668e-01,-1.886077374219894409e-01
6.950327157974243164e-01,-1.153683587908744812e-01
6.929779648780822754e-01,-2.616992294788360596e-01
6.917297244071960449e-01,-2.822472155094146729e-01
6.977983713150024414e-01,-2.649960815906524658e-01
6.972101330757141113e-01,-3.609307706356048584e-01
6.959590315818786621e-01,-6.293920427560806274e-02
6.951485276222229004e-01,-1.383879035711288452e-01
6.958568096160888672e-01,-2.935161590576171875e-01
6.977077126502990723e-01,-1.292606145143508911e-01
7.000226974487304688e-01,-4.898859262466430664e-01
5.000000000000000000e-01,-1.539380400258998582e+00
5.000000000000000000e-01,1.539380400258998582e+00
5.000000000000000000e-01,1.507964473723100607e+00
5.000000000000000000e-01,1.476548547187202631e+00
5.000000000000000000e-01,1.445132620651304656e+00
5.000000000000000000e-01,1.413716694115406680e+00
5.000000000000000000e-01,1.382300767579508705e+00
5.000000000000000000e-01,1.350884841043610729e+00
5.000000000000000000e-01,1.319468914507712753e+00
5.000000000000000000e-01,1.288052987971814778e+00
5.000000000000000000e-01,1.256637061435916802e+00
5.000000000000000000e-01,1.225221134900018827e+00
5.000000000000000000e-01,1.193805208364120851e+00
5.000000000000000000e-01,1.162389281828222876e+00
5.000000000000000000e-01,1.130973355292324900e+00
5.000000000000000000e-01,1.099557428756426924e+00
5.000000000000000000e-01,1.068141502220528949e+00
5.000000000000000000e-01,1.036725575684630973e+00
5.000000000000000000e-01,1.005309649148732998e+00
5.000000000000000000e-01,9.738937226128350222e-01
5.000000000000000000e-01,9.424777960769370466e-01
5.000000000000000000e-01,9.110618695410390711e-01
5.000000000000000000e-01,8.796459430051410955e-01
5.000000000000000000e-01,8.482300164692431199e-01
5.000000000000000000e-01,8.168140899333451443e-01
5.000000000000000000e-01,7.853981633974471688e-01
5.000000000000000000e-01,7.539822368615491932e-01
5.000000000000000000e-01,7.225663103256512176e-01
5.000000000000000000e-01,6.911503837897532421e-01
5.000000000000000000e-01,-1.539380400258998582e+00
5.000000000000000000e-01,-1.507964473723100607e+00
5.000000000000000000e-01,-1.476548547187202631e+00
5.000000000000000000e-01,-1.445132620651304656e+00
5.000000000000000000e-01,-1.413716694115406680e+00
5.000000000000000000e-01,-1.382300767579508705e+00
5.000000000000000000e-01,-1.350884841043610729e+00
5.000000000000000000e-01,-1.319468914507712753e+00
5.000000000000000000e-01,-1.288052987971814778e+00
5.000000000000000000e-01,-1.256637061435916802e+00
5.000000000000000000e-01,-1.225221134900018827e+00
5.000000000000000000e-01,-1.193805208364120851e+00
5.000000000000000000e-01,-1.162389281828222876e+00
5.000000000000000000e-01,-1.130973355292324900e+00
5.000000000000000000e-01,-1.099557428756426924e+00
5.000000000000000000e-01,-1.068141502220528949e+00
5.000000000000000000e-01,-1.036725575684630973e+00
5.000000000000000000e-01,-1.005309649148732998e+00
5.000000000000000000e-01,-9.738937226128350222e-01
5.000000000000000000e-01,-9.424777960769370466e-01
5.000000000000000000e-01,-9.110618695410390711e-01
5.000000000000000000e-01,-8.796459430051410955e-01
5.000000000000000000e-01,-8.482300164692431199e-01
5.000000000000000000e-01,-8.168140899333451443e-01
5.000000000000000000e-01,-7.853981633974471688e-01
5.000000000000000000e-01,-7.539822368615491932e-01
5.000000000000000000e-01,-7.225663103256512176e-01
5.000000000000000000e-01,-6.911503837897532421e-01
5.000000000000000000e-01,-6.597344572538552665e-01
5.000000000000000000e-01,-6.283185307179572909e-01
6.937208175659179688e-01,-2.087842859327793121e-02
6.736003756523132324e-01,-1.410748157650232315e-02
6.973509788513183594e-01,9.349413216114044189e-02
6.825696229934692383e-01,1.037322729825973511e-02
7.008393406867980957e-01,1.066298186779022217e-01
7.023991942405700684e-01,8.170670270919799805e-02
6.991146206855773926e-01,7.671768218278884888e-02
6.993052959442138672e-01,1.162709891796112061e-01
7.042399048805236816e-01,1.082394495606422424e-01
7.048574090003967285e-01,1.627157777547836304e-01
7.038549184799194336e-01,1.464747339487075806e-01
6.993141174316406250e-01,9.133392572402954102e-02
6.932983398437500000e-01,2.147560715675354004e-01
7.025739550590515137e-01,2.262780219316482544e-01
6.987568140029907227e-01,1.697629541158676147e-01
7.014703154563903809e-01,1.439762413501739502e-01
7.068440914154052734e-01,1.275339424610137939e-01
6.989290118217468262e-01,1.253578960895538330e-01
7.022503018379211426e-01,1.009003520011901855e-01
7.054239511489868164e-01,3.319816589355468750e-01
7.017855644226074219e-01,1.979904323816299438e-01
7.053133845329284668e-01,4.039093554019927979e-01
7.018774747848510742e-01,3.246044814586639404e-01
7.015965580940246582e-01,2.231179773807525635e-01
7.075375914573669434e-01,2.452852576971054077e-01
6.989355683326721191e-01,2.957562506198883057e-01
7.010582685470581055e-01,7.534680515527725220e-02
6.940301060676574707e-01,1.040833070874214172e-02
6.994583010673522949e-01,1.417784690856933594e-01
7.020241022109985352e-01,5.950035527348518372e-02
5.000000000000000000e-01,-1.539380400258998582e+00
6.992382407188415527e-01,2.612940967082977295e-01
6.949163079261779785e-01,2.009624689817428589e-01
7.002896666526794434e-01,2.335890233516693115e-01
7.028133273124694824e-01,1.236918941140174866e-01
6.958010196685791016e-01,1.281321942806243896e-01
6.981911659240722656e-01,1.464674174785614014e-01
7.006778717041015625e-01,4.044363647699356079e-02
7.031990885734558105e-01,5.166371539235115051e-02
6.968852281570434570e-01,2.603647299110889435e-02
7.020034790039062500e-01,2.754037082195281982e-01
6.987262368202209473e-01,1.421412080526351929e-01
6.992794871330261230e-01,-1.633419655263423920e-02
6.963523626327514648e-01,-1.497939676046371460e-01
6.996544599533081055e-01,-7.940217852592468262e-02
6.995322108268737793e-01,-2.074705809354782104e-01
7.025265693664550781e-01,1.495158374309539795e-01
6.973963379859924316e-01,-3.144012689590454102e-01
7.048076987266540527e-01,-1.162582561373710632e-01
7.004433870315551758e-01,-1.917463093996047974e-01
6.926881670951843262e-01,-1.939162164926528931e-01
6.920083165168762207e-01,-1.645440161228179932e-01
6.640779972076416016e-01,-6.316962838172912598e-02
6.967191696166992188e-01,-1.459371298551559448e-01
6.978042721748352051e-01,-1.510812193155288696e-01
7.028284072875976562e-01,-1.425475776195526123e-01
6.994920372962951660e-01,-8.588563068769872189e-04
7.004700899124145508e-01,1.000947039574384689e-02
7.000194787979125977e-01,-2.035257965326309204e-01
6.986944675445556641e-01,-1.469103544950485229e-01
6.970182657241821289e-01,-5.000044703483581543e-01
5.000000000000000000e-01,-1.539380400258998582e+00
5.000000000000000000e-01,-1.539380400258998582e+00
5.000000000000000000e-01,-1.507964473723100607e+00
5.000000000000000000e-01,-1.476548547187202631e+00
5.000000000000000000e-01,-1.445132620651304656e+00
5.000000000000000000e-01,-1.413716694115406680e+00
5.000000000000000000e-01,-1.382300767579508705e+00
5.000000000000000000e-01,-1.350884841043610729e+00
5.000000000000000000e-01,-1.319468914507712753e+00
5.000000000000000000e-01,-1.288052987971814778e+00
5.000000000000000000e-01,-1.256637061435916802e+00
5.000000000000000000e-01,-1.225221134900018827e+00
5.000000000000000000e-01,-1.193805208364120851e+00
5.000000000000000000e-01,-1.162389281828222876e+00
5.000000000000000000e-01,-1.130973355292324900e+00
5.000000000000000000e-01,-1.099557428756426924e+00
5.000000000000000000e-01,-1.068141502220528949e+00
5.000000000000000000e-01,-1.036725575684630973e+00
5.000000000000000000e-01,1.539380400258998582e+00
5.000000000000000000e-01,1.507964473723100607e+00
5.000000000000000000e-01,1.476548547187202631e+00
5.000000000000000000e-01,1.445132620651304656e+00
5.000000000000000000e-01,1.413716694115406680e+00
5.000000000000000000e-01,1.382300767579508705e+00
5.000000000000000000e-01,1.350884841043610729e+00
5.000000000000000000e-01,1.319468914507712753e+00
5.000000000000000000e-01,1.288052987971814778e+00
5.000000000000000000e-01,1.256637061435916802e+00
5.000000000000000000e-01,1.225221134900018827e+00
5.000000000000000000e-01,1.193805208364120851e+00
5.000000000000000000e-01,1.162389281828222876e+00
5.000000000000000000e-01,1.130973355292324900e+00
5.000000000000000000e-01,1.099557428756426924e+00
5.000000000000000000e-01,1.068141502220528949e+00
5.000000000000000000e-01,1.036725575684630973e+00
5.000000000000000000e-01,1.005309649148732998e+00
5.000000000000000000e-01,9.738937226128350222e-01
5.000000000000000000e-01,9.424777960769370466e-01
5.000000000000000000e-01,9.110618695410390711e-01
5.000000000000000000e-01,8.796459430051410955e-01
5.000000000000000000e-01,8.482300164692431199e-01
5.000000000000000000e-01,8.168140899333451443e-01
5.000000000000000000e-01,7.853981633974471688e-01
5.000000000000000000e-01,7.539822368615491932e-01
5.000000000000000000e-01,7.225663103256512176e-01
5.000000000000000000e-01,6.911503837897532421e-01
5.000000000000000000e-01,6.597344572538552665e-01
5.000000000000000000e-01,6.283185307179572909e-01
5.000000000000000000e-01,5.969026041820593154e-01
5.000000000000000000e-01,5.654866776461613398e-01
5.000000000000000000e-01,5.340707511102633642e-01
5.000000000000000000e-01,5.026548245743653887e-01
