0.000000000000000000e+00,1.570796326794896558e+00
0.000000000000000000e+00,1.570796326794896558e+00
0.000000000000000000e+00,1.570796326794896558e+00
0.000000000000000000e+00,1.570796326794896558e+00
0.000000000000000000e+00,1.570796326794896558e+00
0.000000000000000000e+00,1.570796326794896558e+00
0.000000000000000000e+00,1.570796326794896558e+00
0.000000000000000000e+00,1.570796326794896558e+00
0.000000000000000000e+00,1.570796326794896558e+00
0.000000000000000000e+00,1.570796326794896558e+00
0.000000000000000000e+00,1.570796326794896558e+00
0.000000000000000000e+00,1.570796326794896558e+00
0.000000000000000000e+00,1.570796326794896558e+00
0.000000000000000000e+00,1.570796326794896558e+00
0.000000000000000000e+00,1.570796326794896558e+00
0.000000000000000000e+00,1.570796326794896558e+00
0.000000000000000000e+00,1.570796326794896558e+00
0.000000000000000000e+00,1.570796326794896558e+00
0.000000000000000000e+00,1.570796326794896558e+00
0.000000000000000000e+00,1.570796326794896558e+00
0.000000000000000000e+00,1.570796326794896558e+00
0.000000000000000000e+00,1.570796326794896558e+00
0.000000000000000000e+00,1.570796326794896558e+00
0.000000000000000000e+00,1.570796326794896558e+00
0.000000000000000000e+00,1.570796326794896558e+00
0.000000000000000000e+00,-1.570796326794896558e+00
0.000000000000000000e+00,-1.570796326794896558e+00
0.000000000000000000e+00,-1.570796326794896558e+00
0.000000000000000000e+00,-1.570796326794896558e+00
0.000000000000000000e+00,-1.570796326794896558e+00
0.000000000000000000e+00,-1.570796326794896558e+00
0.000000000000000000e+00,-1.570796326794896558e+00
0.000000000000000000e+00,-1.570796326794896558e+00
0.000000000000000000e+00,-1.570796326794896558e+00
0.000000000000000000e+00,-1.570796326794896558e+00
0.000000000000000000e+00,-1.570796326794896558e+00
0.000000000000000000e+00,-1.570796326794896558e+00
0.000000000000000000e+00,-1.570796326794896558e+00
0.000000000000000000e+00,-1.570796326794896558e+00
0.000000000000000000e+00,-1.570796326794896558e+00
0.000000000000000000e+00,0.000000000000000000e+00
6.941877007484436035e-01,8.245242387056350708e-02
6.956306099891662598e-01,8.048949390649795532e-02
6.958262324333190918e-01,8.041880279779434204e-02
6.952455639839172363e-01,8.268876373767852783e-02
5.000000000000000000e-01,-1.539380400258998582e+00
5.000000000000000000e-01,-1.539380400258998582e+00
5.000000000000000000e-01,-1.539380400258998582e+00
5.000000000000000000e-01,-1.539380400258998582e+00
5.000000000000000000e-01,-1.539380400258998582e+00
5.000000000000000000e-01,-1.539380400258998582e+00
5.000000000000000000e-01,-1.539380400258998582e+00
5.000000000000000000e-01,-1.539380400258998582e+00
5.000000000000000000e-01,-1.539380400258998582e+00
5.000000000000000000e-01,-1.539380400258998582e+00
5.000000000000000000e-01,-1.539380400258998582e+00
5.000000000000000000e-01,-1.528953893081654192e+00
5.000000000000000000e-01,-1.409125209422452008e+00
5.000000000000000000e-01,-1.299298984401447532e+00
5.000000000000000000e-01,-1.198584598560243242e+00
5.000000000000000000e-01,-1.106180402539974628e+00
5.000000000000000000e-01,-1.021363031539639143e+00
5.000000000000000000e-01,-9.434783361409075919e-01
5.000000000000000000e-01,-8.719336313772012570e-01
5.000000000000000000e-01,-8.061910281646935683e-01
5.000000000000000000e-01,-7.457616596533449549e-01
5.000000000000000000e-01,-6.902006528104178695e-01
5.000000000000000000e-01,-6.391027250454095476e-01
5.000000000000000000e-01,-5.920983088034448283e-01
5.000000000000000000e-01,-5.488501252408803932e-01
5.000000000000000000e-01,-5.090501424649163109e-01
5.000000000000000000e-01,-4.200901029457815850e-01
5.000000000000000000e-01,-3.859890162336865882e-01
5.000000000000000000e-01,-3.547455575175247344e-01
5.000000000000000000e-01,-3.261170570063372520e-01
5.000000000000000000e-01,-2.998818364360092414e-01
5.000000000000000000e-01,-2.758373430732914966e-01
5.000000000000000000e-01,-2.537984588003679431e-01
5.000000000000000000e-01,-2.335959660143485661e-01
5.000000000000000000e-01,-2.150751543551850387e-01
5.000000000000000000e-01,-1.980945542003203497e-01
5.000000000000000000e-01,-1.825247845011384595e-01
5.000000000000000000e-01,-1.682475039374027870e-01
5.000000000000000000e-01,-1.551544555729973962e-01
5.000000000000000000e-01,-1.431465962425713667e-01
5.000000000000000000e-01,-1.321333028107341545e-01
5.000000000000000000e-01,-1.220316482448351864e-01
5.000000000000000000e-01,-1.127657411460825515e-01
5.000000000000000000e-01,-1.042661230064004102e-01
5.000000000000000000e-01,-9.646921801123457818e-02
5.000000000000000000e-01,-8.931683070115940815e-02
5.000000000000000000e-01,-8.275568724570074586e-02
5.000000000000000000e-01,-7.673701647763823963e-02
5.000000000000000000e-01,-7.121616719114402805e-02
5.000000000000000000e-01,-6.615225852680044205e-02
5.000000000000000000e-01,-6.150786055530925445e-02
5.000000000000000000e-01,-5.724870243263228964e-02
5.000000000000000000e-01,-5.334340573574518352e-02
5.000000000000000000e-01,-4.976324080261544658e-02
5.000000000000000000e-01,-4.648190409464429684e-02
5.000000000000000000e-01,-4.347531477695180946e-02
5.000000000000000000e-01,-4.072142887306799686e-02
5.000000000000000000e-01,-3.820006949750069658e-02
5.000000000000000000e-01,-3.589277180377674348e-02
5.000000000000000000e-01,-3.378264140825297523e-02
5.000000000000000000e-01,-3.185422516209061861e-02
5.000000000000000000e-01,-3.009339324689168371e-02
5.000000000000000000e-01,-2.848723166412962804e-02
5.000000000000000000e-01,-2.702394427589620285e-02
5.000000000000000000e-01,-2.569276363521648399e-02
5.000000000000000000e-01,-2.448386991953181713e-02
5.000000000000000000e-01,-2.338831735106676468e-02
5.000000000000000000e-01,-2.239796755438287768e-02
5.000000000000000000e-01,-2.150542936413639417e-02
6.999999999999999556e-01,0.000000000000000000e+00
6.999999999999999556e-01,0.000000000000000000e+00
6.999999999999999556e-01,0.000000000000000000e+00
6.999999999999999556e-01,0.000000000000000000e+00
6.999999999999999556e-01,0.000000000000000000e+00
6.999999999999999556e-01,1.870900826279590923e-02
6.999999999999999556e-01,0.000000000000000000e+00
6.999999999999999556e-01,1.875991480872211958e-02
6.999999999999999556e-01,0.000000000000000000e+00
6.999999999999999556e-01,1.887632157177580872e-02
6.999999999999999556e-01,0.000000000000000000e+00
6.999999999999999556e-01,1.906011299774927614e-02
6.999999999999999556e-01,0.000000000000000000e+00
6.999999999999999556e-01,1.931405977392745832e-02
6.999999999999999556e-01,0.000000000000000000e+00
6.999999999999999556e-01,1.964195468111089304e-02
6.999999999999999556e-01,1.891575541275596073e-02
6.999999999999999556e-01,0.000000000000000000e+00
6.999999999999999556e-01,1.941065681783608887e-02
6.999999999999999556e-01,1.877886274921163057e-02
6.999999999999999556e-01,0.000000000000000000e+00
6.999999999999999556e-01,1.944771780985536658e-02
6.999999999999999556e-01,1.890289902503443364e-02
6.999999999999999556e-01,0.000000000000000000e+00
6.999999999999999556e-01,1.976020210111943676e-02
6.999999999999999556e-01,1.929879652949022251e-02
6.999999999999999556e-01,1.890690791122810743e-02
6.999999999999999556e-01,0.000000000000000000e+00
6.999999999999999556e-01,2.007736774975814320e-02
6.999999999999999556e-01,1.976590817975303060e-02
6.999999999999999556e-01,1.952362882917295372e-02
6.799487471580505371e-01,-1.422500729560852051e+00
6.821446418762207031e-01,-1.116198539733886719e+00
6.775343418121337891e-01,-8.542500734329223633e-01
6.857419610023498535e-01,-6.963290572166442871e-01
6.899652481079101562e-01,-4.199005365371704102e-01
6.901776790618896484e-01,-2.019225358963012695e-01
6.915507316589355469e-01,-1.371451616287231445e-01
6.990486979484558105e-01,-7.464130874723196030e-03
7.007201313972473145e-01,2.640859689563512802e-03
6.950374841690063477e-01,1.328217331320047379e-02
6.993271708488464355e-01,4.473046958446502686e-02
6.970390677452087402e-01,6.418061256408691406e-02
6.976266503334045410e-01,4.524318873882293701e-02
6.997130513191223145e-01,7.912009023129940033e-03
6.910496950149536133e-01,7.148421555757522583e-02
6.971145868301391602e-01,1.173695847392082214e-01
6.953555345535278320e-01,5.018922686576843262e-02
6.918790340423583984e-01,1.491562277078628540e-01
7.003552317619323730e-01,1.908267885446548462e-01
6.989662647247314453e-01,2.624625563621520996e-01
6.967630386352539062e-01,2.816116213798522949e-01
6.966536641120910645e-01,1.386794596910476685e-01
7.018383741378784180e-01,2.894932031631469727e-01
7.010583281517028809e-01,2.630059719085693359e-01
7.041493654251098633e-01,2.286171913146972656e-01
6.966763138771057129e-01,3.177223503589630127e-01
7.038739919662475586e-01,4.167756438255310059e-01
7.057238221168518066e-01,4.993115961551666260e-01
6.930326223373413086e-01,2.610116600990295410e-01
7.031177878379821777e-01,2.056872248649597168e-01
7.021106481552124023e-01,2.116693705320358276e-01
6.999999999999999556e-01,0.000000000000000000e+00
6.999999999999999556e-01,0.000000000000000000e+00
6.999999999999999556e-01,0.000000000000000000e+00
6.999999999999999556e-01,0.000000000000000000e+00
6.999999999999999556e-01,0.000000000000000000e+00
6.999999999999999556e-01,0.000000000000000000e+00
6.999999999999999556e-01,0.000000000000000000e+00
6.999999999999999556e-01,0.000000000000000000e+00
6.999999999999999556e-01,0.000000000000000000e+00
6.999999999999999556e-01,0.000000000000000000e+00
6.999999999999999556e-01,0.000000000000000000e+00
6.999999999999999556e-01,0.000000000000000000e+00
6.999999999999999556e-01,0.000000000000000000e+00
6.999999999999999556e-01,0.000000000000000000e+00
6.999999999999999556e-01,0.000000000000000000e+00
6.999999999999999556e-01,0.000000000000000000e+00
6.999999999999999556e-01,0.000000000000000000e+00
6.999999999999999556e-01,0.000000000000000000e+00
6.999999999999999556e-01,0.000000000000000000e+00
6.999999999999999556e-01,0.000000000000000000e+00
6.999999999999999556e-01,0.000000000000000000e+00
6.999999999999999556e-01,0.000000000000000000e+00
6.999999999999999556e-01,0.000000000000000000e+00
6.999999999999999556e-01,0.000000000000000000e+00
6.999999999999999556e-01,0.000000000000000000e+00
6.999999999999999556e-01,0.000000000000000000e+00
6.999999999999999556e-01,0.000000000000000000e+00
6.999999999999999556e-01,0.000000000000000000e+00
6.999999999999999556e-01,0.000000000000000000e+00
6.999999999999999556e-01,-1.992063637484679794e-02
6.999999999999999556e-01,-1.967017309165068617e-02
6.999999999999999556e-01,0.000000000000000000e+00
6.999999999999999556e-01,0.000000000000000000e+00
6.999999999999999556e-01,0.000000000000000000e+00
6.999999999999999556e-01,0.000000000000000000e+00
6.999999999999999556e-01,0.000000000000000000e+00
6.999999999999999556e-01,0.000000000000000000e+00
6.999999999999999556e-01,0.000000000000000000e+00
6.999999999999999556e-01,0.000000000000000000e+00
6.999999999999999556e-01,0.000000000000000000e+00
6.999999999999999556e-01,0.000000000000000000e+00
6.999999999999999556e-01,0.000000000000000000e+00
6.999999999999999556e-01,0.000000000000000000e+00
6.999999999999999556e-01,0.000000000000000000e+00
6.999999999999999556e-01,0.000000000000000000e+00
6.999999999999999556e-01,0.000000000000000000e+00
6.999999999999999556e-01,0.000000000000000000e+00
6.999999999999999556e-01,0.000000000000000000e+00
6.999999999999999556e-01,0.000000000000000000e+00
6.999999999999999556e-01,0.000000000000000000e+00
6.999999999999999556e-01,0.000000000000000000e+00
6.999999999999999556e-01,0.000000000000000000e+00
6.999999999999999556e-01,0.000000000000000000e+00
6.999999999999999556e-01,0.000000000000000000e+00
6.999999999999999556e-01,0.000000000000000000e+00
6.999999999999999556e-01,0.000000000000000000e+00
6.999999999999999556e-01,0.000000000000000000e+00
6.999999999999999556e-01,0.000000000000000000e+00
6.999999999999999556e-01,0.000000000000000000e+00
6.999999999999999556e-01,0.000000000000000000e+00
6.999999999999999556e-01,0.000000000000000000e+00
6.999999999999999556e-01,0.000000000000000000e+00
6.272015571594238281e-01,1.388579607009887695e+00
6.814991831779479980e-01,7.864089608192443848e-01
7.111793756484985352e-01,8.313720822334289551e-01
7.247108221054077148e-01,6.364210247993469238e-01
7.204090356826782227e-01,6.995780467987060547e-01
7.280737757682800293e-01,6.109895110130310059e-01
7.133684158325195312e-01,5.499628782272338867e-01
7.028325200080871582e-01,5.825476646423339844e-01
6.960955262184143066e-01,2.696577608585357666e-01
7.023943662643432617e-01,1.717014610767364502e-01
7.014313936233520508e-01,1.752303838729858398e-01
6.987320780754089355e-01,-3.778809309005737305e-02
7.012357115745544434e-01,-1.401200424879789352e-02
7.015476226806640625e-01,-2.997822128236293793e-02
6.931105256080627441e-01,-7.187167555093765259e-02
6.939620971679687500e-01,-7.729644328355789185e-02
6.944534182548522949e-01,-6.760492920875549316e-02
6.948818564414978027e-01,-1.795069873332977295e-01
6.963531374931335449e-01,-2.240908741950988770e-01
6.987723708152770996e-01,-1.389129012823104858e-01
6.949198842048645020e-01,-1.611350178718566895e-01
6.921849846839904785e-01,-2.361027449369430542e-01
6.900852918624877930e-01,-2.909591495990753174e-01
6.906666159629821777e-01,-2.086737304925918579e-01
6.944757699966430664e-01,-1.440555453300476074e-01
6.899923086166381836e-01,-1.995701491832733154e-01
6.933158636093139648e-01,-2.432558089494705200e-01
6.974124908447265625e-01,-1.340492218732833862e-01
7.016445994377136230e-01,-1.444622576236724854e-01
6.944481134414672852e-01,-8.444175124168395996e-02
6.967769861221313477e-01,-4.255415126681327820e-02
5.000000000000000000e-01,1.539380400258998582e+00
5.000000000000000000e-01,1.539380400258998582e+00
5.000000000000000000e-01,1.539380400258998582e+00
5.000000000000000000e-01,1.514368532327166728e+00
5.000000000000000000e-01,1.392442930332356221e+00
5.000000000000000000e-01,1.280820311120912658e+00
5.000000000000000000e-01,1.178579139473312498e+00
5.000000000000000000e-01,1.084889307818992732e+00
5.000000000000000000e-01,9.990013431594357840e-01
5.000000000000000000e-01,9.202372103974185702e-01
5.000000000000000000e-01,8.479824235752235762e-01
5.000000000000000000e-01,7.816792355453763275e-01
5.000000000000000000e-01,7.208207228753360507e-01
5.000000000000000000e-01,6.649456190771991793e-01
5.000000000000000000e-01,6.136337777494191847e-01
5.000000000000000000e-01,5.665021696459009437e-01
5.000000000000000000e-01,5.232013353949243051e-01
5.000000000000000000e-01,4.834122296218506531e-01
5.000000000000000000e-01,4.468434033956481533e-01
5.000000000000000000e-01,4.132284808467548420e-01
5.000000000000000000e-01,3.823238929782906692e-01
5.000000000000000000e-01,3.539068374899503877e-01
5.000000000000000000e-01,3.277734381461468449e-01
5.000000000000000000e-01,3.037370810735622872e-01
5.000000000000000000e-01,2.816269085452776655e-01
5.000000000000000000e-01,2.612864534367685398e-01
5.000000000000000000e-01,2.425723997315521463e-01
5.000000000000000000e-01,2.253534562959356724e-01
5.000000000000000000e-01,2.095093327003046402e-01
5.000000000000000000e-01,1.949298071913830310e-01
5.000000000000000000e-01,1.815138780585450751e-01
5.000000000000000000e-01,1.691689906207474725e-01
5.000000000000000000e-01,1.578103329166896107e-01
5.000000000000000000e-01,1.473601939309253095e-01
5.000000000000000000e-01,1.377473788513794983e-01
5.000000000000000000e-01,1.289066764436779811e-01
5.000000000000000000e-01,1.207783741579209619e-01
5.000000000000000000e-01,1.133078170647208588e-01
5.000000000000000000e-01,1.064450071594891661e-01
5.000000000000000000e-01,1.001442399860297677e-01
6.993259787559509277e-01,2.591902576386928558e-02
6.989270448684692383e-01,4.045948758721351624e-02
6.929089426994323730e-01,7.517281174659729004e-02
7.009385824203491211e-01,9.598244726657867432e-02
6.810129284858703613e-01,2.658506296575069427e-02
6.971055865287780762e-01,6.769090145826339722e-02
6.970137357711791992e-01,6.873491406440734863e-02
6.998543739318847656e-01,1.001854315400123596e-01
6.901862621307373047e-01,1.280294209718704224e-01
7.000276446342468262e-01,1.291075646877288818e-01
6.963770985603332520e-01,1.611726582050323486e-01
6.973495483398437500e-01,7.599931210279464722e-02
6.946718692779541016e-01,1.561172455549240112e-01
7.035055160522460938e-01,6.802605092525482178e-02
6.974257230758666992e-01,9.368024021387100220e-02
7.051457166671752930e-01,3.254159688949584961e-01
6.962791085243225098e-01,2.734448015689849854e-01
7.022239565849304199e-01,1.880729757249355316e-02
7.050440907478332520e-01,2.328472733497619629e-01
6.983993053436279297e-01,-1.047383025288581848e-01
7.014411091804504395e-01,1.404046267271041870e-01
6.930806040763854980e-01,2.868674509227275848e-02
7.006031870841979980e-01,-8.799304068088531494e-02
6.891841292381286621e-01,-3.869166672229766846e-01
6.942004561424255371e-01,-4.443218111991882324e-01
6.964117288589477539e-01,-2.689459919929504395e-01
6.944367289543151855e-01,-3.917443454265594482e-01
7.014502286911010742e-01,-1.451704800128936768e-01
6.978555321693420410e-01,-7.733839005231857300e-02
7.034693956375122070e-01,-1.992950439453125000e-01
6.994340419769287109e-01,-1.412097811698913574e-01
7.014303803443908691e-01,-1.886794120073318481e-01
7.000721693038940430e-01,-2.533125281333923340e-01
5.000000000000000000e-01,-1.539380400258998582e+00
5.000000000000000000e-01,-1.539380400258998582e+00
5.000000000000000000e-01,-1.539380400258998582e+00
5.000000000000000000e-01,-1.539380400258998582e+00
5.000000000000000000e-01,-1.539380400258998582e+00
5.000000000000000000e-01,-1.441531589201241692e+00
5.000000000000000000e-01,-1.334235082572099662e+00
5.000000000000000000e-01,-1.235697012080707813e+00
5.000000000000000000e-01,8.664921137293561948e-01
5.000000000000000000e-01,7.954890997833039545e-01
5.000000000000000000e-01,7.304740993556451123e-01
5.000000000000000000e-01,6.709297980405766193e-01
5.000000000000000000e-01,6.163854685831491320e-01
5.000000000000000000e-01,5.664124282613178796e-01
5.000000000000000000e-01,5.206200090766202049e-01
5.000000000000000000e-01,4.786519692554192518e-01
5.000000000000000000e-01,4.401832868803637333e-01
5.000000000000000000e-01,4.049172863360735453e-01
5.000000000000000000e-01,3.725830561896635307e-01
5.000000000000000000e-01,3.429331235457334093e-01
5.000000000000000000e-01,3.157413551367527771e-01
5.000000000000000000e-01,2.908010596828088379e-01
5.000000000000000000e-01,2.679232695743259396e-01
5.000000000000000000e-01,2.469351828498325685e-01
5.000000000000000000e-01,2.276787488774617008e-01
5.000000000000000000e-01,2.100093831971781566e-01
5.000000000000000000e-01,1.937947987146227402e-01
5.000000000000000000e-01,1.789139419149624044e-01
5.000000000000000000e-01,1.652560240324787988e-01
5.000000000000000000e-01,1.527196382055609480e-01
5.000000000000000000e-01,1.412119545965827005e-01
5.000000000000000000e-01,1.306479862853494045e-01
5.000000000000000000e-01,1.209499194726467025e-01
5.000000000000000000e-01,1.120465021720427473e-01
5.000000000000000000e-01,1.038724861364508784e-01
5.000000000000000000e-01,9.636811727114062698e-02
5.000000000000000000e-01,8.947867023567272760e-02
5.000000000000000000e-01,8.315402334073089541e-02
5.000000000000000000e-01,7.734827020798266950e-02
5.000000000000000000e-01,7.201936498707510459e-02
5.000000000000000000e-01,6.712879821798427293e-02
5.000000000000000000e-01,6.264130069283506408e-02
5.000000000000000000e-01,5.852457291226435820e-02
5.000000000000000000e-01,5.474903795021583697e-02
5.000000000000000000e-01,5.128761574006972246e-02
5.000000000000000000e-01,4.811551697664100125e-02
5.000000000000000000e-01,4.521005499444567810e-02
5.000000000000000000e-01,4.255047413483951935e-02
5.000000000000000000e-01,4.011779325456314715e-02
5.000000000000000000e-01,3.789466315733695800e-02
5.000000000000000000e-01,3.586523685023816632e-02
5.000000000000000000e-01,-1.539380400258998582e+00
5.000000000000000000e-01,-1.539380400258998582e+00
5.000000000000000000e-01,-1.539380400258998582e+00
5.000000000000000000e-01,-1.539380400258998582e+00
5.000000000000000000e-01,-1.539380400258998582e+00
5.000000000000000000e-01,-1.520081999128013228e+00
5.000000000000000000e-01,-1.399440888683377571e+00
5.000000000000000000e-01,-1.288924805167404264e+00
5.000000000000000000e-01,-1.187630484048040946e+00
5.000000000000000000e-01,-1.094744584273811716e+00
5.000000000000000000e-01,-1.009532975365356355e+00
5.000000000000000000e-01,-9.313316281994745705e-01
5.000000000000000000e-01,-8.595388164520654239e-01
5.000000000000000000e-01,-7.936083962816213866e-01
5.000000000000000000e-01,-7.330439791687088924e-01
5.000000000000000000e-01,-6.773938498204239433e-01
5.000000000000000000e-01,-6.262465100175818034e-01
5.000000000000000000e-01,-5.792267520306368933e-01
5.000000000000000000e-01,-5.359921831553042804e-01
5.000000000000000000e-01,-4.962301370996369809e-01
5.000000000000000000e-01,-4.596549192228439051e-01
5.000000000000000000e-01,-4.260053416241900703e-01
5.000000000000000000e-01,-3.950425113029519264e-01
5.000000000000000000e-01,-3.665478404406544155e-01
6.997236609458923340e-01,-1.574402675032615662e-02
6.972264051437377930e-01,-1.656998246908187866e-01
6.993581056594848633e-01,2.287015318870544434e-02
6.863868832588195801e-01,-1.516769826412200928e-01
6.979939937591552734e-01,-1.286375224590301514e-01
6.955671906471252441e-01,-6.726672500371932983e-02
6.970693469047546387e-01,-4.814288020133972168e-02
6.975944638252258301e-01,-7.996740192174911499e-02
6.958485841751098633e-01,-8.498140424489974976e-02
7.001571655273437500e-01,-1.527561247348785400e-01
6.980693340301513672e-01,-1.472873613238334656e-02
6.941318511962890625e-01,-1.154691204428672791e-01
7.017231583595275879e-01,3.550366684794425964e-02
6.985247135162353516e-01,-3.902433440089225769e-02
6.997713446617126465e-01,-7.907081395387649536e-03
6.983276605606079102e-01,-1.028670892119407654e-01
6.968969702720642090e-01,-1.982325464487075806e-01
6.985071301460266113e-01,-2.498050592839717865e-02
6.968812942504882812e-01,4.006313160061836243e-03
6.941455602645874023e-01,-9.098364412784576416e-02
6.979491114616394043e-01,-6.867887917906045914e-03
6.961901187896728516e-01,-1.554292719811201096e-02
6.975483298301696777e-01,-1.183251757174730301e-02
6.960389614105224609e-01,-7.323033362627029419e-02
6.948669552803039551e-01,-9.432392567396163940e-02
6.985160112380981445e-01,-3.035181388258934021e-02
6.935408711433410645e-01,8.403835818171501160e-03
6.966375708580017090e-01,-2.305821701884269714e-02
6.976520419120788574e-01,4.003674536943435669e-02
6.916937232017517090e-01,-8.792825788259506226e-02
6.982558369636535645e-01,3.256997093558311462e-02
6.969144940376281738e-01,1.720213890075683594e-02
6.970599293708801270e-01,2.704712562263011932e-02
6.951691508293151855e-01,-4.033171385526657104e-02
6.984753608703613281e-01,3.013741783797740936e-02
6.971696615219116211e-01,3.234437480568885803e-02
6.971091032028198242e-01,-3.243775106966495514e-03
6.938753128051757812e-01,-2.772470004856586456e-02
6.955115199089050293e-01,1.004980951547622681e-01
6.976127624511718750e-01,-5.140922963619232178e-02
6.947364807128906250e-01,-4.936083406209945679e-02
6.954383850097656250e-01,-7.184228301048278809e-02
6.985031962394714355e-01,1.018236507661640644e-03
6.921725869178771973e-01,-1.056465879082679749e-01
6.971190571784973145e-01,-1.254104375839233398e-01
6.967895627021789551e-01,-2.249411679804325104e-02
6.977815628051757812e-01,-1.305235177278518677e-01
6.914511919021606445e-01,-1.837147325277328491e-01
7.016180753707885742e-01,-1.949625313282012939e-01
6.968860030174255371e-01,-1.876198053359985352e-01
6.974207162857055664e-01,-1.494695097208023071e-01
7.018123269081115723e-01,-7.955884188413619995e-02
6.921936273574829102e-01,-2.259224206209182739e-01
6.962403655052185059e-01,-1.976343691349029541e-01
6.947090625762939453e-01,-1.674079149961471558e-01
6.980019807815551758e-01,-1.191306784749031067e-01
6.988004446029663086e-01,-1.743040680885314941e-01
6.985402703285217285e-01,-6.066760793328285217e-02
7.017509937286376953e-01,-4.358690977096557617e-02
6.997282505035400391e-01,-2.277246415615081787e-01
6.994591951370239258e-01,-2.253154218196868896e-01
6.998031735420227051e-01,-3.945980370044708252e-01
5.000000000000000000e-01,-1.539380400258998582e+00
5.000000000000000000e-01,-1.539380400258998582e+00
5.000000000000000000e-01,-1.539380400258998582e+00
5.000000000000000000e-01,-1.539380400258998582e+00
5.000000000000000000e-01,-1.539380400258998582e+00
5.000000000000000000e-01,-1.539380400258998582e+00
5.000000000000000000e-01,-1.539380400258998582e+00
5.000000000000000000e-01,-1.539380400258998582e+00
5.000000000000000000e-01,-1.539380400258998582e+00
5.000000000000000000e-01,-1.495823100246860937e+00
5.000000000000000000e-01,-1.381273368315562911e+00
5.000000000000000000e-01,-1.276184927811030212e+00
5.000000000000000000e-01,-1.179722390651223085e+00
5.000000000000000000e-01,-1.091133456029115711e+00
5.000000000000000000e-01,-1.009738965752507545e+00
5.000000000000000000e-01,-9.349244627115280704e-01
6.903641223907470703e-01,-9.102765321731567383e-01
6.849781870841979980e-01,-9.488639831542968750e-01
6.869634389877319336e-01,-1.139275908470153809e+00
6.853487491607666016e-01,-1.094020009040832520e+00
6.911765933036804199e-01,-9.163703322410583496e-01
6.852064132690429688e-01,-8.666937351226806641e-01
6.855829358100891113e-01,-8.309004306793212891e-01
6.827663779258728027e-01,-7.458198666572570801e-01
6.869822740554809570e-01,-5.781225562095642090e-01
6.905087232589721680e-01,-5.110670328140258789e-01
6.900739073753356934e-01,-2.617516815662384033e-01
6.942063570022583008e-01,-3.666938841342926025e-01
6.954720020294189453e-01,-3.042224645614624023e-01
6.923729181289672852e-01,-1.999394297599792480e-01
6.931514739990234375e-01,-1.271463781595230103e-01
6.922764182090759277e-01,-1.634824723005294800e-01
6.940895915031433105e-01,-6.632698327302932739e-02
6.978552341461181641e-01,-3.798233717679977417e-02
6.938334107398986816e-01,-3.479566425085067749e-02
6.986147761344909668e-01,1.411744393408298492e-03
6.988251805305480957e-01,-2.322663180530071259e-02
6.969869136810302734e-01,1.369231147691607475e-03
6.950295567512512207e-01,-1.521880156360566616e-03
6.987244486808776855e-01,3.597756847739219666e-02
6.960729360580444336e-01,-3.127141296863555908e-02
6.977593898773193359e-01,3.014327492564916611e-03
7.013309001922607422e-01,1.175452023744583130e-01
6.958171129226684570e-01,1.177819520235061646e-01
6.981640458106994629e-01,7.829549163579940796e-02
6.933013796806335449e-01,6.149941682815551758e-02
6.880068778991699219e-01,1.092753261327743530e-01
5.000000000000000000e-01,1.539380400258998582e+00
5.000000000000000000e-01,1.539380400258998582e+00
5.000000000000000000e-01,1.539380400258998582e+00
5.000000000000000000e-01,1.539380400258998582e+00
5.000000000000000000e-01,1.539380400258998582e+00
5.000000000000000000e-01,1.539380400258998582e+00
5.000000000000000000e-01,1.539380400258998582e+00
5.000000000000000000e-01,1.458962768059485660e+00
5.000000000000000000e-01,1.341593451429094364e+00
5.000000000000000000e-01,1.234123317665115627e+00
5.000000000000000000e-01,1.135671084474685122e+00
5.000000000000000000e-01,1.045442049156443565e+00
5.000000000000000000e-01,9.627180312042253885e-01
5.000000000000000000e-01,8.868487757169398744e-01
5.000000000000000000e-01,8.172445571691413502e-01
5.000000000000000000e-01,7.533697760240192220e-01
5.000000000000000000e-01,6.947373821769440294e-01
5.000000000000000000e-01,6.409039917890380078e-01
5.000000000000000000e-01,5.914655896751399577e-01
5.000000000000000000e-01,5.460537295925467216e-01
5.000000000000000000e-01,5.043321607377408977e-01
5.000000000000000000e-01,4.659938214303645521e-01
5.000000000000000000e-01,4.307581510694261095e-01
5.000000000000000000e-01,3.983686795451449325e-01
5.000000000000000000e-01,3.685908598141088288e-01
5.000000000000000000e-01,3.412101146312876421e-01
5.000000000000000000e-01,3.160300727408136834e-01
5.000000000000000000e-01,2.928709733609656252e-01
5.000000000000000000e-01,2.715682207160606265e-01
5.000000000000000000e-01,2.519710727923490379e-01
5.000000000000000000e-01,2.339414505238666675e-01
5.000000000000000000e-01,2.173528553237831784e-01
5.000000000000000000e-01,2.020893843273190993e-01
5.000000000000000000e-01,1.880448339517746814e-01
5.000000000000000000e-01,1.751218834457633489e-01
5.000000000000000000e-01,1.632313510236807486e-01
5.000000000000000000e-01,1.522915159878460156e-01
5.000000000000000000e-01,1.422275009493015330e-01
5.000000000000000000e-01,1.329707088857572939e-01
5.000000000000000000e-01,1.244583103352548265e-01
5.000000000000000000e-01,1.166327765285418011e-01
5.000000000000000000e-01,1.094414547220681627e-01
5.000000000000000000e-01,1.028361824160944210e-01
5.000000000000000000e-01,-1.539380400258998582e+00
5.000000000000000000e-01,-1.539380400258998582e+00
5.000000000000000000e-01,-1.539380400258998582e+00
5.000000000000000000e-01,-1.539380400258998582e+00
5.000000000000000000e-01,-1.539380400258998582e+00
5.000000000000000000e-01,-1.539380400258998582e+00
5.000000000000000000e-01,-1.491095855772215151e+00
5.000000000000000000e-01,-1.374861779835089726e+00
5.000000000000000000e-01,-1.268295943564435424e+00
5.000000000000000000e-01,-1.170541496113447044e+00
5.000000000000000000e-01,-1.080826599408675426e+00
5.000000000000000000e-01,-9.984543194870487692e-01
5.000000000000000000e-01,-9.227940312505429343e-01
5.000000000000000000e-01,-8.532740595210233092e-01
5.000000000000000000e-01,-7.893753369761336014e-01
5.000000000000000000e-01,-7.306259044307699124e-01
5.000000000000000000e-01,-6.765961139109746281e-01
5.000000000000000000e-01,-6.268944223088259715e-01
5.000000000000000000e-01,-5.811636848506525066e-01
5.000000000000000000e-01,-5.390778744966782110e-01
5.000000000000000000e-01,-5.003391667456751346e-01
5.000000000000000000e-01,-4.646753399328387713e-01
5.000000000000000000e-01,-4.318374495899222620e-01
6.968485116958618164e-01,-4.061625301837921143e-01
6.918728947639465332e-01,-4.255315065383911133e-01
6.910196542739868164e-01,-4.504046440124511719e-01
6.823109388351440430e-01,-4.370269179344177246e-01
6.914925575256347656e-01,-3.922016322612762451e-01
6.914035677909851074e-01,-2.272371947765350342e-01
6.960584521293640137e-01,-1.848880499601364136e-01
6.961488127708435059e-01,-2.885767817497253418e-01
6.940579414367675781e-01,-2.641137242317199707e-01
6.960957050323486328e-01,-3.302851021289825439e-01
6.963132619857788086e-01,-2.473454624414443970e-01
6.958439946174621582e-01,-2.234719991683959961e-01
6.944768428802490234e-01,-2.278896421194076538e-01
6.929944753646850586e-01,-1.906345188617706299e-01
6.976254582405090332e-01,-7.316383719444274902e-02
6.927470564842224121e-01,-1.030604019761085510e-01
6.972777843475341797e-01,-9.539552778005599976e-02
6.990179419517517090e-01,-8.016494661569595337e-02
7.001682519912719727e-01,1.250650454312562943e-02
6.975039243698120117e-01,-2.472402341663837433e-02
6.977561116218566895e-01,-8.715028874576091766e-03
6.973425149917602539e-01,-5.891868099570274353e-02
6.983074545860290527e-01,2.138568833470344543e-02
7.035195231437683105e-01,-7.507805526256561279e-02
7.001060247421264648e-01,-8.971306681632995605e-02
6.999449133872985840e-01,2.496511675417423248e-02
7.027832865715026855e-01,2.347841858863830566e-02
6.975746154785156250e-01,1.004621461033821106e-01
6.962100267410278320e-01,3.753337636590003967e-02
6.984293460845947266e-01,-2.740974351763725281e-02
7.008247971534729004e-01,-2.274258807301521301e-02
