0.000000000000000000e+00,-1.570796326794896558e+00
0.000000000000000000e+00,-1.570796326794896558e+00
0.000000000000000000e+00,-1.570796326794896558e+00
0.000000000000000000e+00,-1.570796326794896558e+00
0.000000000000000000e+00,-1.570796326794896558e+00
0.000000000000000000e+00,-1.570796326794896558e+00
0.000000000000000000e+00,-1.570796326794896558e+00
0.000000000000000000e+00,-1.570796326794896558e+00
0.000000000000000000e+00,-1.570796326794896558e+00
0.000000000000000000e+00,-1.570796326794896558e+00
0.000000000000000000e+00,-1.570796326794896558e+00
0.000000000000000000e+00,-1.570796326794896558e+00
0.000000000000000000e+00,-1.570796326794896558e+00
0.000000000000000000e+00,-1.570796326794896558e+00
0.000000000000000000e+00,0.000000000000000000e+00
4.000000000000000222e-01,4.248285545200695124e-01
4.000000000000000222e-01,4.285426549145114894e-01
4.000000000000000222e-01,4.194746483308152141e-01
4.000000000000000222e-01,4.100213560788334433e-01
4.000000000000000222e-01,4.117058156380424272e-01
4.000000000000000222e-01,3.560540479810093695e-01
4.000000000000000222e-01,3.503392507195646766e-01
6.956136226654052734e-01,3.838372230529785156e-01
4.000000000000000222e-01,6.146057087631666693e-01
4.000000000000000222e-01,6.157662943445642023e-01
4.000000000000000222e-01,5.529501329835553314e-01
4.000000000000000222e-01,5.642857113435650884e-01
4.000000000000000222e-01,9.418144238089257714e-01
4.000000000000000222e-01,9.340418192789544660e-01
4.000000000000000222e-01,8.551564567731904098e-01
6.920878291130065918e-01,6.156249642372131348e-01
4.000000000000000222e-01,9.520025559854572439e-01
4.000000000000000222e-01,8.485894108667718649e-01
4.000000000000000222e-01,8.622935870515715528e-01
4.000000000000000222e-01,8.472265708305266596e-01
4.000000000000000222e-01,1.145612603738459079e+00
4.000000000000000222e-01,1.136887798573640307e+00
4.000000000000000222e-01,1.073004677344420399e+00
4.000000000000000222e-01,1.060897568645346123e+00
4.000000000000000222e-01,9.583116037667795961e-01
4.000000000000000222e-01,9.611249597630288077e-01
4.000000000000000222e-01,8.799418417143025639e-01
4.000000000000000222e-01,8.759152853117173620e-01
4.000000000000000222e-01,7.845486929299005929e-01
4.000000000000000222e-01,7.768914636363095649e-01
4.000000000000000222e-01,7.147189149375867689e-01
4.000000000000000222e-01,6.917672182207220688e-01
4.000000000000000222e-01,6.796373631113959979e-01
4.000000000000000222e-01,6.106535637941159500e-01
4.000000000000000222e-01,6.028705563557589242e-01
4.000000000000000222e-01,5.327244821694202548e-01
4.000000000000000222e-01,5.234703840314810508e-01
4.000000000000000222e-01,5.035806543311097672e-01
4.000000000000000222e-01,4.407853732314279682e-01
4.000000000000000222e-01,4.235082477079366026e-01
4.000000000000000222e-01,3.819450836756889678e-01
4.000000000000000222e-01,3.836513451789314022e-01
4.000000000000000222e-01,3.630318865567040421e-01
4.000000000000000222e-01,-5.046574843284950873e+00
4.000000000000000222e-01,8.387401504805904739e-01
4.000000000000000222e-01,8.101063175957565754e-01
4.000000000000000222e-01,7.234630469924607787e-01
4.000000000000000222e-01,6.930137711508870257e-01
4.000000000000000222e-01,2.814220224889915078e-01
4.000000000000000222e-01,-5.486286733591754228e+00
4.000000000000000222e-01,8.401585608793777915e-01
4.000000000000000222e-01,8.342839128078523014e-01
4.000000000000000222e-01,7.472704027784181635e-01
4.000000000000000222e-01,6.647512248674929403e-01
4.000000000000000222e-01,7.220524470189094712e-01
7.054397463798522949e-01,-2.694397270679473877e-01
7.019822597503662109e-01,-2.329933047294616699e-01
7.007749676704406738e-01,7.474564947187900543e-03
7.003338336944580078e-01,-2.532553672790527344e-01
5.000000000000000000e-01,-1.539380400258998582e+00
5.000000000000000000e-01,-1.539380400258998582e+00
5.000000000000000000e-01,-1.539380400258998582e+00
5.000000000000000000e-01,-1.539380400258998582e+00
5.000000000000000000e-01,-1.539380400258998582e+00
5.000000000000000000e-01,-1.510290628828233173e+00
5.000000000000000000e-01,-1.396901332875630564e+00
5.000000000000000000e-01,-1.292816618887842273e+00
5.000000000000000000e-01,-1.197217812150402017e+00
5.000000000000000000e-01,9.331585624084668407e-01
5.000000000000000000e-01,8.567021301048425297e-01
5.000000000000000000e-01,7.866976750021874576e-01
5.000000000000000000e-01,7.225861862142968217e-01
5.000000000000000000e-01,6.638593848090701410e-01
5.000000000000000000e-01,6.100546919033111859e-01
5.000000000000000000e-01,5.607507818117374310e-01
5.000000000000000000e-01,5.155636357308031048e-01
5.000000000000000000e-01,4.741430264128714822e-01
5.000000000000000000e-01,4.361693762331134150e-01
5.000000000000000000e-01,4.013509406223859100e-01
5.000000000000000000e-01,3.694212765431872936e-01
5.000000000000000000e-01,3.401369619198389427e-01
5.000000000000000000e-01,3.132755370077474066e-01
5.000000000000000000e-01,2.886336428414464916e-01
5.000000000000000000e-01,2.660253353255706554e-01
5.000000000000000000e-01,2.452805563742773143e-01
5.000000000000000000e-01,2.262437458783706501e-01
5.000000000000000000e-01,2.087725802762372962e-01
5.000000000000000000e-01,1.927368251958812562e-01
5.000000000000000000e-01,1.780172910774540651e-01
5.000000000000000000e-01,1.645048819233013160e-01
5.000000000000000000e-01,1.520997283913059772e-01
5.000000000000000000e-01,1.407103973758745963e-01
5.000000000000000000e-01,1.302531710317234581e-01
5.000000000000000000e-01,1.206513889078609097e-01
5.000000000000000000e-01,1.118348474870332482e-01
5.000000000000000000e-01,1.037392519824907183e-01
5.000000000000000000e-01,9.630571573869754765e-02
5.000000000000000000e-01,8.948030302437696981e-02
5.000000000000000000e-01,8.321361140174036997e-02
5.000000000000000000e-01,7.746039021100319111e-02
5.000000000000000000e-01,7.217919202908955334e-02
5.000000000000000000e-01,6.733205425015302559e-02
5.000000000000000000e-01,6.288420819686084406e-02
5.000000000000000000e-01,5.880381340821631830e-02
5.000000000000000000e-01,5.506171496525151532e-02
5.000000000000000000e-01,5.163122191203388389e-02
5.000000000000000000e-01,4.848790500888870703e-02
5.000000000000000000e-01,4.560941221899721121e-02
5.000000000000000000e-01,4.297530048077451148e-02
5.000000000000000000e-01,4.056688245793420300e-02
5.000000000000000000e-01,3.836708708893236952e-02
6.902564764022827148e-01,-7.821013927459716797e-01
6.878149509429931641e-01,-1.296763122081756592e-01
6.990734934806823730e-01,2.847545593976974487e-02
7.008792757987976074e-01,1.036446094512939453e-01
6.995314359664916992e-01,6.077870726585388184e-02
7.024838328361511230e-01,9.809652715921401978e-02
7.011244893074035645e-01,9.800979495048522949e-02
6.963264346122741699e-01,1.090162172913551331e-01
6.981650590896606445e-01,1.771616488695144653e-01
6.959701180458068848e-01,1.669070124626159668e-01
7.003239989280700684e-01,2.008548825979232788e-01
6.970784068107604980e-01,2.669951617717742920e-01
6.833497285842895508e-01,2.330411076545715332e-01
7.000545859336853027e-01,2.696744799613952637e-01
6.959677934646606445e-01,1.882957816123962402e-01
7.055914402008056641e-01,3.870206773281097412e-01
7.112869620323181152e-01,4.037874937057495117e-01
7.031179070472717285e-01,9.799575060606002808e-02
6.951659917831420898e-01,2.033962011337280273e-01
6.977190971374511719e-01,-5.124523863196372986e-02
7.025165557861328125e-01,-4.147740826010704041e-02
6.950283646583557129e-01,-1.091125458478927612e-01
6.960687041282653809e-01,-5.678834393620491028e-02
6.999980807304382324e-01,-2.629360742866992950e-02
6.967681050300598145e-01,-2.947094440460205078e-01
6.910869479179382324e-01,-5.418024659156799316e-01
6.971412301063537598e-01,-3.148438334465026855e-01
7.008693218231201172e-01,-4.320691823959350586e-01
7.023850083351135254e-01,-1.203560158610343933e-01
6.971787810325622559e-01,-2.101211249828338623e-01
6.949930191040039062e-01,-1.873305588960647583e-01
6.988094449043273926e-01,-1.512426435947418213e-01
6.999979615211486816e-01,-3.806804716587066650e-01
5.000000000000000000e-01,-1.539380400258998582e+00
5.000000000000000000e-01,-1.539380400258998582e+00
5.000000000000000000e-01,-1.539380400258998582e+00
5.000000000000000000e-01,-1.539380400258998582e+00
5.000000000000000000e-01,-1.435649011129727759e+00
5.000000000000000000e-01,-1.329907411146334928e+00
5.000000000000000000e-01,-1.232768469807730360e+00
5.000000000000000000e-01,-1.356165562810843772e+00
5.000000000000000000e-01,-1.244223647365332530e+00
5.000000000000000000e-01,-1.141835232862664418e+00
5.000000000000000000e-01,-1.048150503695953750e+00
5.000000000000000000e-01,-9.624014130857838634e-01
5.000000000000000000e-01,-8.838926024534534687e-01
5.000000000000000000e-01,-8.119935649552780799e-01
5.000000000000000000e-01,-7.461318421205243023e-01
5.000000000000000000e-01,-6.857870839631059479e-01
5.000000000000000000e-01,-6.304858356744504899e-01
5.000000000000000000e-01,-5.797969398822766518e-01
5.000000000000000000e-01,-5.333274639459550936e-01
5.000000000000000000e-01,-4.907190780175819111e-01
5.000000000000000000e-01,-4.516448225434215868e-01
5.000000000000000000e-01,-4.158062142296488628e-01
5.000000000000000000e-01,-3.829306478076970888e-01
5.000000000000000000e-01,-3.527690576438844983e-01
5.000000000000000000e-01,-3.250938086842365959e-01
5.000000000000000000e-01,-2.996967906731205500e-01
5.000000000000000000e-01,-2.763876932395488706e-01
5.000000000000000000e-01,-2.549924424687704527e-01
5.000000000000000000e-01,-2.353517820952626960e-01
5.000000000000000000e-01,-2.173199845650584661e-01
5.000000000000000000e-01,-2.007636789987328751e-01
5.000000000000000000e-01,-1.855607846020371210e-01
5.000000000000000000e-01,-1.715995393684169312e-01
5.000000000000000000e-01,-1.587776150346121296e-01
5.000000000000000000e-01,-1.470013102180798836e-01
5.000000000000000000e-01,-1.361848145083966455e-01
5.000000000000000000e-01,-1.262495370230210523e-01
5.000000000000000000e-01,-1.171234935882237566e-01
5.000000000000000000e-01,-1.087407472806274783e-01
5.000000000000000000e-01,-1.010408975754993194e-01
5.000000000000000000e-01,-9.396861380283265397e-02
5.000000000000000000e-01,-8.747320901939285853e-02
5.000000000000000000e-01,-8.150825077017014031e-02
5.000000000000000000e-01,-7.603120554153246224e-02
5.000000000000000000e-01,-7.100311400519547511e-02
5.000000000000000000e-01,-6.638829442098685696e-02
5.000000000000000000e-01,-6.215407181036507189e-02
5.000000000000000000e-01,-5.827053073496894775e-02
5.000000000000000000e-01,-5.471028971762752213e-02
5.000000000000000000e-01,-5.144829552960832053e-02
5.000000000000000000e-01,-4.846163573964172577e-02
5.000000000000000000e-01,1.539380400258998582e+00
5.000000000000000000e-01,1.539380400258998582e+00
5.000000000000000000e-01,1.539380400258998582e+00
5.000000000000000000e-01,1.539380400258998582e+00
5.000000000000000000e-01,1.539380400258998582e+00
5.000000000000000000e-01,1.539380400258998582e+00
5.000000000000000000e-01,1.539380400258998582e+00
5.000000000000000000e-01,1.433037554376104472e+00
5.000000000000000000e-01,1.316657350535235471e+00
5.000000000000000000e-01,1.210135420964789210e+00
5.000000000000000000e-01,1.112593890980787981e+00
5.000000000000000000e-01,1.023240619484873326e+00
5.000000000000000000e-01,9.413593676676084154e-01
5.000000000000000000e-01,8.663013724383181735e-01
5.000000000000000000e-01,7.974780776034096075e-01
5.000000000000000000e-01,7.343548254782470419e-01
5.000000000000000000e-01,6.764453506723684395e-01
5.000000000000000000e-01,6.233069485120130704e-01
5.000000000000000000e-01,5.745362147722852253e-01
5.000000000000000000e-01,5.297652725134278651e-01
5.000000000000000000e-01,4.886584169689099366e-01
5.000000000000000000e-01,4.509091214877932186e-01
5.000000000000000000e-01,4.162373571658458116e-01
5.000000000000000000e-01,3.843871865339226201e-01
5.000000000000000000e-01,3.551245979152407029e-01
5.000000000000000000e-01,3.282355521317457669e-01
5.000000000000000000e-01,3.035242173796495746e-01
5.000000000000000000e-01,2.808113714971456898e-01
5.000000000000000000e-01,2.599329536627904003e-01
5.000000000000000000e-01,2.407387499082299098e-01
5.000000000000000000e-01,2.230911987957407416e-01
5.000000000000000000e-01,2.068643052716703790e-01
5.000000000000000000e-01,1.919426521186709533e-01
5.000000000000000000e-01,1.782204996376942074e-01
5.000000000000000000e-01,1.656009652312898095e-01
5.000000000000000000e-01,1.539952754616871755e-01
5.000000000000000000e-01,1.433220839436691318e-01
5.000000000000000000e-01,1.335068491221578779e-01
5.000000000000000000e-01,1.244812665930846024e-01
5.000000000000000000e-01,1.161827511661355644e-01
5.000000000000000000e-01,1.085539643497684253e-01
5.000000000000000000e-01,1.015423833713862550e-01
5.000000000000000000e-01,9.509990823601359444e-02
5.000000000000000000e-01,8.918250368204798384e-02
5.000000000000000000e-01,8.374987321821673880e-02
5.000000000000000000e-01,7.876516272710869238e-02
5.000000000000000000e-01,7.419469140275562757e-02
5.000000000000000000e-01,5.313682863435500447e-01
5.000000000000000000e-01,4.881144571989891046e-01
5.000000000000000000e-01,4.484883728878388820e-01
5.000000000000000000e-01,4.121809740555891222e-01
5.000000000000000000e-01,3.789101416592506877e-01
5.000000000000000000e-01,3.484182568448622175e-01
5.000000000000000000e-01,3.204699995274358781e-01
5.000000000000000000e-01,2.948503587464175735e-01
5.000000000000000000e-01,2.713628316110233141e-01
5.000000000000000000e-01,2.498277907488598015e-01
5.000000000000000000e-01,2.300810027556073334e-01
5.000000000000000000e-01,2.119722823139207901e-01
5.000000000000000000e-01,1.953642684849564159e-01
5.000000000000000000e-01,1.801313112383836068e-01
5.000000000000000000e-01,1.661584576258279822e-01
5.000000000000000000e-01,1.533405281575584422e-01
5.000000000000000000e-01,1.415812749442720286e-01
5.000000000000000000e-01,1.307926140400821891e-01
5.000000000000000000e-01,1.208939251896230943e-01
5.000000000000000000e-01,1.118114128579799499e-01
5.000000000000000000e-01,1.034775230201530477e-01
5.000000000000000000e-01,9.583041071839541736e-02
5.000000000000000000e-01,8.881345386948051590e-02
5.000000000000000000e-01,8.237480922807076389e-02
5.000000000000000000e-01,7.646700679255484523e-02
5.000000000000000000e-01,7.104657928174855364e-02
5.000000000000000000e-01,6.607372361911582892e-02
5.000000000000000000e-01,6.151199163958213922e-02
5.000000000000000000e-01,5.732800748587134343e-02
5.000000000000000000e-01,5.349120938958566718e-02
5.000000000000000000e-01,4.997361373949953112e-02
5.000000000000000000e-01,4.674959952783712402e-02
5.000000000000000000e-01,4.379571143684284074e-02
5.000000000000000000e-01,4.109047998426955395e-02
5.000000000000000000e-01,3.861425728926075329e-02
5.000000000000000000e-01,3.634906715069856353e-02
5.000000000000000000e-01,3.427846824991202801e-02
5.000000000000000000e-01,3.238742939981680002e-02
5.000000000000000000e-01,3.066221586401578214e-02
5.000000000000000000e-01,2.909028586354427126e-02
5.000000000000000000e-01,2.766019647630972578e-02
5.000000000000000000e-01,2.636151821630842995e-02
5.000000000000000000e-01,2.518475765683962642e-02
6.999999999999999556e-01,0.000000000000000000e+00
6.999999999999999556e-01,0.000000000000000000e+00
6.999999999999999556e-01,0.000000000000000000e+00
6.999999999999999556e-01,0.000000000000000000e+00
6.999999999999999556e-01,0.000000000000000000e+00
6.999999999999999556e-01,0.000000000000000000e+00
6.999999999999999556e-01,0.000000000000000000e+00
6.999999999999999556e-01,0.000000000000000000e+00
6.999999999999999556e-01,0.000000000000000000e+00
6.999999999999999556e-01,0.000000000000000000e+00
6.999999999999999556e-01,1.934588147231490474e-02
6.999999999999999556e-01,0.000000000000000000e+00
6.999999999999999556e-01,1.954621890529732731e-02
6.999999999999999556e-01,1.876042918185465147e-02
6.999999999999999556e-01,0.000000000000000000e+00
6.999999999999999556e-01,1.912145778535982721e-02
6.999999999999999556e-01,0.000000000000000000e+00
6.999999999999999556e-01,1.955910141943011105e-02
6.999999999999999556e-01,1.889182350756239692e-02
6.999999999999999556e-01,0.000000000000000000e+00
6.999999999999999556e-01,1.950154747079561879e-02
6.999999999999999556e-01,1.892415786127248090e-02
6.999999999999999556e-01,0.000000000000000000e+00
6.999999999999999556e-01,1.971783636774109005e-02
6.999999999999999556e-01,1.922538864887517185e-02
6.999999999999999556e-01,1.880290364741891984e-02
6.999999999999999556e-01,0.000000000000000000e+00
6.999999999999999556e-01,1.989907019976104585e-02
6.999999999999999556e-01,1.955621105662057324e-02
6.999999999999999556e-01,1.928190881114826005e-02
6.999999999999999556e-01,1.907419647038803567e-02
6.999999999999999556e-01,0.000000000000000000e+00
6.999999999999999556e-01,0.000000000000000000e+00
6.999999999999999556e-01,0.000000000000000000e+00
6.999999999999999556e-01,0.000000000000000000e+00
6.999999999999999556e-01,0.000000000000000000e+00
6.999999999999999556e-01,0.000000000000000000e+00
6.999999999999999556e-01,0.000000000000000000e+00
6.999999999999999556e-01,0.000000000000000000e+00
6.999999999999999556e-01,0.000000000000000000e+00
6.999999999999999556e-01,0.000000000000000000e+00
6.999999999999999556e-01,0.000000000000000000e+00
6.999999999999999556e-01,0.000000000000000000e+00
6.999999999999999556e-01,0.000000000000000000e+00
6.999999999999999556e-01,0.000000000000000000e+00
6.999999999999999556e-01,0.000000000000000000e+00
6.999999999999999556e-01,0.000000000000000000e+00
6.999999999999999556e-01,0.000000000000000000e+00
6.999999999999999556e-01,0.000000000000000000e+00
6.999999999999999556e-01,0.000000000000000000e+00
6.999999999999999556e-01,0.000000000000000000e+00
6.999999999999999556e-01,0.000000000000000000e+00
6.999999999999999556e-01,0.000000000000000000e+00
6.999999999999999556e-01,0.000000000000000000e+00
6.999999999999999556e-01,0.000000000000000000e+00
6.999999999999999556e-01,0.000000000000000000e+00
6.999999999999999556e-01,0.000000000000000000e+00
6.999999999999999556e-01,0.000000000000000000e+00
6.999999999999999556e-01,0.000000000000000000e+00
6.999999999999999556e-01,0.000000000000000000e+00
6.999999999999999556e-01,0.000000000000000000e+00
6.999999999999999556e-01,0.000000000000000000e+00
6.999999999999999556e-01,0.000000000000000000e+00
6.999999999999999556e-01,0.000000000000000000e+00
6.999999999999999556e-01,0.000000000000000000e+00
6.999999999999999556e-01,0.000000000000000000e+00
6.999999999999999556e-01,0.000000000000000000e+00
6.999999999999999556e-01,0.000000000000000000e+00
6.999999999999999556e-01,0.000000000000000000e+00
6.999999999999999556e-01,0.000000000000000000e+00
6.999999999999999556e-01,0.000000000000000000e+00
6.999999999999999556e-01,0.000000000000000000e+00
6.999999999999999556e-01,0.000000000000000000e+00
6.999999999999999556e-01,0.000000000000000000e+00
6.999999999999999556e-01,0.000000000000000000e+00
6.999999999999999556e-01,1.920243930449298808e-02
6.999999999999999556e-01,0.000000000000000000e+00
6.999999999999999556e-01,1.954009733104182522e-02
6.999999999999999556e-01,1.882328522956537575e-02
6.999999999999999556e-01,0.000000000000000000e+00
6.999999999999999556e-01,1.932719420204680183e-02
6.999999999999999556e-01,1.870362430382659091e-02
6.999999999999999556e-01,0.000000000000000000e+00
6.999999999999999556e-01,1.938103963289865284e-02
6.999999999999999556e-01,1.884351444870606407e-02
6.999999999999999556e-01,0.000000000000000000e+00
6.999999999999999556e-01,1.970926331888182836e-02
6.999999999999999556e-01,1.925444618687403853e-02
6.999999999999999556e-01,1.886882480109423887e-02
6.999999999999999556e-01,0.000000000000000000e+00
6.999999999999999556e-01,2.004807070548135506e-02
6.999999999999999556e-01,1.974251348073767509e-02
6.999999999999999556e-01,0.000000000000000000e+00
6.999999999999999556e-01,0.000000000000000000e+00
6.999999999999999556e-01,0.000000000000000000e+00
6.999999999999999556e-01,0.000000000000000000e+00
6.999999999999999556e-01,0.000000000000000000e+00
6.999999999999999556e-01,0.000000000000000000e+00
6.999999999999999556e-01,0.000000000000000000e+00
6.999999999999999556e-01,0.000000000000000000e+00
6.999999999999999556e-01,0.000000000000000000e+00
6.999999999999999556e-01,0.000000000000000000e+00
6.999999999999999556e-01,0.000000000000000000e+00
6.999999999999999556e-01,0.000000000000000000e+00
6.999999999999999556e-01,0.000000000000000000e+00
6.999999999999999556e-01,0.000000000000000000e+00
6.999999999999999556e-01,0.000000000000000000e+00
6.999999999999999556e-01,0.000000000000000000e+00
6.999999999999999556e-01,0.000000000000000000e+00
6.999999999999999556e-01,0.000000000000000000e+00
6.999999999999999556e-01,0.000000000000000000e+00
6.999999999999999556e-01,0.000000000000000000e+00
6.999999999999999556e-01,0.000000000000000000e+00
6.999999999999999556e-01,0.000000000000000000e+00
6.999999999999999556e-01,1.966506341966738070e-02
6.999999999999999556e-01,1.914116763430033508e-02
6.999999999999999556e-01,1.868774386731768267e-02
6.999999999999999556e-01,0.000000000000000000e+00
6.999999999999999556e-01,1.970803908980815755e-02
6.999999999999999556e-01,1.933369726321192139e-02
6.999999999999999556e-01,1.902737062432872939e-02
6.999999999999999556e-01,1.878677524940268462e-02
6.999999999999999556e-01,1.861015844880893610e-02
5.000000000000000000e-01,1.539380400258998582e+00
5.000000000000000000e-01,1.539380400258998582e+00
5.000000000000000000e-01,1.539380400258998582e+00
5.000000000000000000e-01,1.539380400258998582e+00
5.000000000000000000e-01,1.539380400258998582e+00
5.000000000000000000e-01,1.539380400258998582e+00
5.000000000000000000e-01,1.539380400258998582e+00
5.000000000000000000e-01,1.446678440285348755e+00
5.000000000000000000e-01,1.328506539185338120e+00
5.000000000000000000e-01,1.220379659307287090e+00
5.000000000000000000e-01,1.121401109260817153e+00
5.000000000000000000e-01,1.030761886432633112e+00
5.000000000000000000e-01,9.477306170518313699e-01
5.000000000000000000e-01,8.716449331444633408e-01
5.000000000000000000e-01,8.019040340410505951e-01
5.000000000000000000e-01,7.379622306991313607e-01
5.000000000000000000e-01,6.793233109574035034e-01
5.000000000000000000e-01,6.255355952274725961e-01
5.000000000000000000e-01,5.761875768817914523e-01
5.000000000000000000e-01,5.309040611586965941e-01
5.000000000000000000e-01,4.893427319127481856e-01
5.000000000000000000e-01,4.511910878769465616e-01
5.000000000000000000e-01,4.161636999625975553e-01
5.000000000000000000e-01,3.839997490386271584e-01
5.000000000000000000e-01,3.544608100216407043e-01
5.000000000000000000e-01,3.273288532945691220e-01
5.000000000000000000e-01,3.024044387073734907e-01
5.000000000000000000e-01,2.795050808942710074e-01
5.000000000000000000e-01,2.584637675215069597e-01
5.000000000000000000e-01,2.391276144778389789e-01
5.000000000000000000e-01,2.213566440307704331e-01
5.000000000000000000e-01,2.050226736690710649e-01
5.000000000000000000e-01,1.900083047949559512e-01
5.000000000000000000e-01,1.762060016636220472e-01
5.000000000000000000e-01,1.635172520306540922e-01
5.000000000000000000e-01,1.518518018885400278e-01
5.000000000000000000e-01,1.411269574759049239e-01
5.000000000000000000e-01,1.312669484461500002e-01
5.000000000000000000e-01,1.222023467016651183e-01
5.000000000000000000e-01,1.138695359482236186e-01
5.000000000000000000e-01,1.062102275122096956e-01
5.000000000000000000e-01,9.917101839966928345e-02
5.000000000000000000e-01,9.270298796817248721e-02
5.000000000000000000e-01,8.676132993638700774e-02
5.000000000000000000e-01,8.130501677750449907e-02
5.000000000000000000e-01,7.629649383602714330e-02
5.000000000000000000e-01,7.170140077720681127e-02
5.000000000000000000e-01,6.748831822848204431e-02
5.000000000000000000e-01,6.362853770664526898e-02
5.000000000000000000e-01,6.009585314659542099e-02
5.000000000000000000e-01,2.764970489235517026e-01
5.000000000000000000e-01,2.541850519001747633e-01
5.000000000000000000e-01,2.337424816330691546e-01
5.000000000000000000e-01,2.150110902269942170e-01
5.000000000000000000e-01,1.978462193525112878e-01
5.000000000000000000e-01,1.821156144467804272e-01
5.000000000000000000e-01,1.676983454164478471e-01
5.000000000000000000e-01,1.544838237178643436e-01
5.000000000000000000e-01,1.423709067678625151e-01
5.000000000000000000e-01,1.312670815781789568e-01
5.000000000000000000e-01,1.210877203304099731e-01
5.000000000000000000e-01,1.117554013340511937e-01
5.000000000000000000e-01,1.031992894520164378e-01
5.000000000000000000e-01,9.535457064821510620e-02
5.000000000000000000e-01,8.816193581992042005e-02
5.000000000000000000e-01,8.156710953203809289e-02
5.000000000000000000e-01,7.552041967780169507e-02
5.000000000000000000e-01,6.997640445662982323e-02
5.000000000000000000e-01,6.489345338975276156e-02
5.000000000000000000e-01,6.023347939194438616e-02
5.000000000000000000e-01,5.596161918683355274e-02
5.000000000000000000e-01,5.204595959694895135e-02
5.000000000000000000e-01,4.845728746054493719e-02
5.000000000000000000e-01,4.516886112775013451e-02
5.000000000000000000e-01,4.215620167072957336e-02
5.000000000000000000e-01,3.939690210820438743e-02
5.000000000000000000e-01,3.687045309545115834e-02
5.000000000000000000e-01,3.455808366832106848e-02
5.000000000000000000e-01,3.244261575502642436e-02
5.000000000000000000e-01,3.050833128382217374e-02
5.000000000000000000e-01,2.874085081918335838e-02
5.000000000000000000e-01,2.712702275456572998e-02
5.000000000000000000e-01,2.565482217742802440e-02
5.000000000000000000e-01,2.431325860244752668e-02
5.000000000000000000e-01,2.309229184262155676e-02
5.000000000000000000e-01,2.198275535599573949e-02
5.000000000000000000e-01,2.097628646862430279e-02
5.000000000000000000e-01,2.006526293264947192e-02
5.000000000000000000e-01,1.924274533275287247e-02
6.999999999999999556e-01,0.000000000000000000e+00
6.999999999999999556e-01,2.002582236056342502e-02
6.999999999999999556e-01,1.974984031181063748e-02
5.000000000000000000e-01,-1.539380400258998582e+00
5.000000000000000000e-01,-1.539380400258998582e+00
5.000000000000000000e-01,-1.539380400258998582e+00
5.000000000000000000e-01,-1.539380400258998582e+00
5.000000000000000000e-01,-1.539380400258998582e+00
5.000000000000000000e-01,-1.539380400258998582e+00
5.000000000000000000e-01,-1.539380400258998582e+00
5.000000000000000000e-01,-1.539380400258998582e+00
5.000000000000000000e-01,-1.539380400258998582e+00
5.000000000000000000e-01,-1.539380400258998582e+00
5.000000000000000000e-01,-1.447440463638970831e+00
5.000000000000000000e-01,-1.337935672765885320e+00
5.000000000000000000e-01,-1.237420185954847929e+00
5.000000000000000000e-01,-1.145106359476800284e+00
5.000000000000000000e-01,-1.060284171322544600e+00
5.000000000000000000e-01,-9.823120561684814955e-01
5.000000000000000000e-01,-9.106091073452142748e-01
5.000000000000000000e-01,-8.446483958793622460e-01
6.851221919059753418e-01,-9.107934236526489258e-01
6.836398243904113770e-01,-1.020519614219665527e+00
6.861660480499267578e-01,-8.462529778480529785e-01
6.844016313552856445e-01,-1.256250858306884766e+00
6.796789169311523438e-01,-1.011911273002624512e+00
6.845448613166809082e-01,-7.590990066528320312e-01
6.871589422225952148e-01,-8.659017682075500488e-01
6.828328967094421387e-01,-7.232002615928649902e-01
6.892552971839904785e-01,-4.385250508785247803e-01
6.873252391815185547e-01,-3.915059864521026611e-01
6.912717819213867188e-01,-3.806279897689819336e-01
6.881344318389892578e-01,-3.504336178302764893e-01
7.024462819099426270e-01,-2.435797750949859619e-01
6.933351755142211914e-01,-2.160143256187438965e-01
6.976712942123413086e-01,-1.454116255044937134e-01
6.977815032005310059e-01,-1.390009671449661255e-01
6.960765719413757324e-01,-2.497545629739761353e-02
6.957850456237792969e-01,-5.501193553209304810e-02
6.962645649909973145e-01,-7.594655267894268036e-03
6.959231495857238770e-01,-6.848189234733581543e-02
6.960446238517761230e-01,-4.365294054150581360e-02
6.960662007331848145e-01,3.338637948036193848e-02
6.962774991989135742e-01,1.190093811601400375e-02
6.974928975105285645e-01,2.455740049481391907e-02
6.979449391365051270e-01,1.318968273699283600e-02
6.973869800567626953e-01,-1.488198246806859970e-02
6.988045573234558105e-01,7.003370672464370728e-02
7.008789181709289551e-01,9.148427098989486694e-02
6.964340209960937500e-01,1.909171463921666145e-03
7.003127932548522949e-01,1.055063083767890930e-01
7.035277485847473145e-01,8.825647830963134766e-02
7.011268138885498047e-01,9.698215126991271973e-02
6.999999999999999556e-01,0.000000000000000000e+00
6.999999999999999556e-01,0.000000000000000000e+00
6.999999999999999556e-01,0.000000000000000000e+00
6.999999999999999556e-01,0.000000000000000000e+00
6.999999999999999556e-01,0.000000000000000000e+00
6.999999999999999556e-01,0.000000000000000000e+00
6.999999999999999556e-01,0.000000000000000000e+00
6.999999999999999556e-01,0.000000000000000000e+00
6.999999999999999556e-01,0.000000000000000000e+00
6.999999999999999556e-01,0.000000000000000000e+00
6.999999999999999556e-01,0.000000000000000000e+00
6.999999999999999556e-01,0.000000000000000000e+00
6.999999999999999556e-01,0.000000000000000000e+00
6.999999999999999556e-01,0.000000000000000000e+00
6.999999999999999556e-01,0.000000000000000000e+00
6.999999999999999556e-01,0.000000000000000000e+00
6.999999999999999556e-01,0.000000000000000000e+00
6.999999999999999556e-01,0.000000000000000000e+00
6.999999999999999556e-01,0.000000000000000000e+00
6.999999999999999556e-01,0.000000000000000000e+00
6.999999999999999556e-01,0.000000000000000000e+00
6.999999999999999556e-01,0.000000000000000000e+00
6.999999999999999556e-01,0.000000000000000000e+00
6.999999999999999556e-01,0.000000000000000000e+00
6.999999999999999556e-01,0.000000000000000000e+00
6.999999999999999556e-01,0.000000000000000000e+00
6.999999999999999556e-01,0.000000000000000000e+00
6.999999999999999556e-01,0.000000000000000000e+00
6.999999999999999556e-01,0.000000000000000000e+00
6.999999999999999556e-01,0.000000000000000000e+00
5.000000000000000000e-01,1.539380400258998582e+00
5.000000000000000000e-01,1.539380400258998582e+00
5.000000000000000000e-01,1.539380400258998582e+00
5.000000000000000000e-01,1.539380400258998582e+00
5.000000000000000000e-01,1.539380400258998582e+00
5.000000000000000000e-01,1.539380400258998582e+00
5.000000000000000000e-01,1.539380400258998582e+00
5.000000000000000000e-01,1.521439596199458677e+00
5.000000000000000000e-01,1.397391243446418629e+00
5.000000000000000000e-01,1.283896122051433553e+00
5.000000000000000000e-01,1.180007212973077424e+00
5.000000000000000000e-01,1.084871331269071204e+00
5.000000000000000000e-01,9.977181127200223099e-01
5.000000000000000000e-01,9.178506159280086507e-01
5.000000000000000000e-01,8.446372503933718967e-01
5.000000000000000000e-01,7.775047997316837378e-01
5.000000000000000000e-01,7.159323553704577403e-01
5.000000000000000000e-01,6.594460123892620373e-01
5.000000000000000000e-01,6.076142077603035041e-01
5.000000000000000000e-01,5.600436037956091351e-01
5.000000000000000000e-01,5.163754374370952416e-01
5.000000000000000000e-01,4.762822701728779973e-01
5.000000000000000000e-01,4.394650846329158367e-01
5.000000000000000000e-01,4.056506829356341659e-01
5.000000000000000000e-01,3.745893491105343753e-01
5.000000000000000000e-01,3.460527437872709666e-01
5.000000000000000000e-01,3.198320041125464752e-01
5.000000000000000000e-01,2.957360257605897158e-01
5.000000000000000000e-01,2.735899071189032417e-01
5.000000000000000000e-01,2.532335383973010612e-01
5.000000000000000000e-01,2.345203206339883661e-01
5.000000000000000000e-01,2.173160014429738607e-01
5.000000000000000000e-01,2.014976159299262659e-01
5.000000000000000000e-01,1.869525225519333422e-01
5.000000000000000000e-01,1.735775248527653969e-01
5.000000000000000000e-01,1.612780710031132547e-01
5.000000000000000000e-01,1.499675239415506067e-01
5.000000000000000000e-01,1.395664956688749681e-01
5.000000000000000000e-01,1.300022399133163309e-01
5.000000000000000000e-01,1.212080979714456469e-01
5.000000000000000000e-01,1.131229930514099785e-01
5.000000000000000000e-01,1.056909689110379497e-01
5.000000000000000000e-01,9.886076900194522288e-02
5.000000000000000000e-01,9.258545270887612311e-02
5.000000000000000000e-01,8.682204561753463501e-02
5.000000000000000000e-01,8.153122105938796771e-02
5.000000000000000000e-01,7.667701047346024701e-02
5.000000000000000000e-01,7.222654039766211731e-02
6.957051753997802734e-01,3.438544273376464844e-02
6.981585025787353516e-01,3.491508215665817261e-02
6.985121369361877441e-01,4.246078804135322571e-02
6.988906264305114746e-01,1.337786018848419189e-01
6.928409934043884277e-01,1.554705053567886353e-01
7.011740803718566895e-01,6.824005395174026489e-02
6.944769620895385742e-01,1.140503361821174622e-01
6.997078657150268555e-01,1.016326546669006348e-01
6.973898410797119141e-01,1.019917279481887817e-01
6.938380599021911621e-01,1.278798878192901611e-01
6.958668231964111328e-01,1.707523465156555176e-01
7.006546854972839355e-01,1.928612589836120605e-01
7.012007832527160645e-01,3.779231011867523193e-01
6.998423933982849121e-01,3.279963433742523193e-01
6.978185176849365234e-01,1.689238846302032471e-01
7.032535076141357422e-01,3.925108015537261963e-01
7.060679793357849121e-01,3.611039817333221436e-01
7.038712501525878906e-01,3.505630791187286377e-01
7.017629742622375488e-01,2.681032717227935791e-01
6.956390738487243652e-01,2.079785913228988647e-01
6.925745606422424316e-01,2.084853351116180420e-01
6.997763514518737793e-01,3.681469857692718506e-01
6.993698477745056152e-01,2.749943733215332031e-01
7.006717324256896973e-01,1.412078589200973511e-01
7.038848996162414551e-01,1.994822323322296143e-01
7.002223730087280273e-01,1.946807950735092163e-01
7.011085748672485352e-01,3.265168070793151855e-01
7.030596733093261719e-01,1.715167015790939331e-01
7.064453959465026855e-01,3.780927062034606934e-01
7.018200159072875977e-01,2.214456349611282349e-01
7.049866914749145508e-01,9.007151424884796143e-02
