0.000000000000000000e+00,1.570796326794896558e+00
0.000000000000000000e+00,1.570796326794896558e+00
0.000000000000000000e+00,1.570796326794896558e+00
0.000000000000000000e+00,1.570796326794896558e+00
0.000000000000000000e+00,1.570796326794896558e+00
0.000000000000000000e+00,1.570796326794896558e+00
0.000000000000000000e+00,1.570796326794896558e+00
0.000000000000000000e+00,1.570796326794896558e+00
0.000000000000000000e+00,1.570796326794896558e+00
0.000000000000000000e+00,1.570796326794896558e+00
0.000000000000000000e+00,1.570796326794896558e+00
0.000000000000000000e+00,1.570796326794896558e+00
0.000000000000000000e+00,1.570796326794896558e+00
0.000000000000000000e+00,1.570796326794896558e+00
0.000000000000000000e+00,1.570796326794896558e+00
0.000000000000000000e+00,1.570796326794896558e+00
0.000000000000000000e+00,1.570796326794896558e+00
0.000000000000000000e+00,1.570796326794896558e+00
0.000000000000000000e+00,1.570796326794896558e+00
0.000000000000000000e+00,1.570796326794896558e+00
0.000000000000000000e+00,-1.570796326794896558e+00
0.000000000000000000e+00,-1.570796326794896558e+00
0.000000000000000000e+00,-1.570796326794896558e+00
0.000000000000000000e+00,-1.570796326794896558e+00
0.000000000000000000e+00,-1.570796326794896558e+00
0.000000000000000000e+00,-1.570796326794896558e+00
0.000000000000000000e+00,-1.570796326794896558e+00
0.000000000000000000e+00,-1.570796326794896558e+00
0.000000000000000000e+00,-1.570796326794896558e+00
0.000000000000000000e+00,0.000000000000000000e+00
7.001038789749145508e-01,3.401131555438041687e-02
7.009637355804443359e-01,-4.837974533438682556e-02
7.000073194503784180e-01,5.021537188440561295e-03
7.031751871109008789e-01,1.700635999441146851e-01
6.995731592178344727e-01,1.545190364122390747e-01
6.928486227989196777e-01,-5.316444486379623413e-02
6.949964761734008789e-01,-2.671677470207214355e-01
7.032790780067443848e-01,1.449247747659683228e-01
6.994420886039733887e-01,4.850874189287424088e-03
6.947482228279113770e-01,9.560419246554374695e-03
7.025501132011413574e-01,9.015768882818520069e-04
7.033990621566772461e-01,1.038397997617721558e-01
6.983216404914855957e-01,-3.759649768471717834e-02
6.970445513725280762e-01,-4.506001248955726624e-02
6.977160573005676270e-01,1.046134829521179199e-01
6.937280893325805664e-01,-1.580611914396286011e-01
6.903916597366333008e-01,-2.633119225502014160e-01
6.991326212882995605e-01,-5.955816432833671570e-02
6.980207562446594238e-01,-7.150959968566894531e-02
6.934713125228881836e-01,-1.986209303140640259e-01
6.923418045043945312e-01,-5.859946087002754211e-02
6.977205276489257812e-01,-2.158313989639282227e-01
7.025978565216064453e-01,1.553382910788059235e-02
6.991761326789855957e-01,-4.771870747208595276e-02
6.973761320114135742e-01,-1.818043366074562073e-02
6.955017447471618652e-01,-9.489323943853378296e-02
6.995486617088317871e-01,1.534371078014373779e-01
6.984230875968933105e-01,-4.048028960824012756e-02
7.006958127021789551e-01,-3.615221008658409119e-02
6.953069567680358887e-01,6.290604174137115479e-02
7.002870440483093262e-01,-1.802739053964614868e-01
7.047289013862609863e-01,2.263435535132884979e-02
7.088030576705932617e-01,-7.973001897335052490e-02
7.140786647796630859e-01,2.613536417484283447e-01
7.090479135513305664e-01,-3.559495508670806885e-02
6.938877701759338379e-01,-1.905720978975296021e-01
7.071567177772521973e-01,-2.643303386867046356e-02
6.967344880104064941e-01,1.663315892219543457e-01
7.033284902572631836e-01,1.086023375391960144e-01
7.053805589675903320e-01,9.580353647470474243e-02
7.002373933792114258e-01,-2.929684221744537354e-01
5.000000000000000000e-01,1.539380400258998582e+00
5.000000000000000000e-01,1.539380400258998582e+00
5.000000000000000000e-01,1.539380400258998582e+00
5.000000000000000000e-01,1.539380400258998582e+00
5.000000000000000000e-01,1.539380400258998582e+00
5.000000000000000000e-01,1.531392920291221094e+00
5.000000000000000000e-01,1.411031316150642700e+00
5.000000000000000000e-01,1.300730005918006915e+00
5.000000000000000000e-01,1.199592469813372864e+00
5.000000000000000000e-01,1.106811757511644734e+00
5.000000000000000000e-01,1.021659734543993059e+00
5.000000000000000000e-01,9.434779541392932511e-01
5.000000000000000000e-01,8.716698549776180638e-01
5.000000000000000000e-01,8.056940477746452611e-01
5.000000000000000000e-01,7.450585022497706600e-01
5.000000000000000000e-01,6.893154839545159174e-01
5.000000000000000000e-01,6.380571200782154673e-01
5.000000000000000000e-01,5.909114965850148504e-01
5.000000000000000000e-01,5.475392073201790222e-01
5.000000000000000000e-01,5.076302901703113601e-01
5.000000000000000000e-01,4.709014968291407865e-01
5.000000000000000000e-01,4.370938518680736462e-01
5.000000000000000000e-01,4.059704641470157083e-01
5.000000000000000000e-01,3.773145595187442081e-01
5.000000000000000000e-01,3.509277085826523757e-01
5.000000000000000000e-01,3.266282271668570769e-01
5.000000000000000000e-01,3.042497304447023265e-01
5.000000000000000000e-01,2.836398242661369307e-01
5.000000000000000000e-01,-1.539380400258998582e+00
5.000000000000000000e-01,-1.539380400258998582e+00
5.000000000000000000e-01,-1.539380400258998582e+00
5.000000000000000000e-01,-1.490247239033866355e+00
5.000000000000000000e-01,-1.371990536366314961e+00
5.000000000000000000e-01,-1.263649404400266851e+00
5.000000000000000000e-01,-1.164341579438580743e+00
5.000000000000000000e-01,-1.073272138855434710e+00
5.000000000000000000e-01,-9.897231900866907406e-01
5.000000000000000000e-01,-9.130450876672655536e-01
5.000000000000000000e-01,-8.426489012011797453e-01
5.000000000000000000e-01,-7.779999142386413435e-01
5.000000000000000000e-01,-7.186119786297540113e-01
5.000000000000000000e-01,-6.640425837984282875e-01
5.000000000000000000e-01,-6.138885277101360227e-01
5.000000000000000000e-01,-5.677820977879155517e-01
5.000000000000000000e-01,-5.253876869747704514e-01
5.000000000000000000e-01,-4.863987835597763376e-01
5.000000000000000000e-01,-4.505352840615460264e-01
5.000000000000000000e-01,-4.175410869986320717e-01
5.000000000000000000e-01,-3.871819322376131578e-01
5.000000000000000000e-01,-3.592434561557665273e-01
5.000000000000000000e-01,-3.335294373657207712e-01
5.000000000000000000e-01,-3.098602114406945884e-01
5.000000000000000000e-01,-2.880712361200091221e-01
5.000000000000000000e-01,-2.680117909973381285e-01
5.000000000000000000e-01,1.539380400258998582e+00
5.000000000000000000e-01,1.539380400258998582e+00
5.000000000000000000e-01,1.539380400258998582e+00
5.000000000000000000e-01,1.539380400258998582e+00
5.000000000000000000e-01,1.518034889026326217e+00
5.000000000000000000e-01,1.393827210719402521e+00
5.000000000000000000e-01,1.280205497149297988e+00
5.000000000000000000e-01,1.176219318653170864e+00
5.000000000000000000e-01,1.081012286906353870e+00
5.000000000000000000e-01,9.938110549607335198e-01
5.000000000000000000e-01,9.139159236502487627e-01
5.000000000000000000e-01,8.406927676377564662e-01
5.000000000000000000e-01,7.735660522686040874e-01
5.000000000000000000e-01,7.120127580236343956e-01
5.000000000000000000e-01,6.555570652911997254e-01
5.000000000000000000e-01,6.037656804821229795e-01
5.000000000000000000e-01,5.562437068488550462e-01
5.000000000000000000e-01,5.126309810438856029e-01
5.000000000000000000e-01,4.725988104837666737e-01
5.000000000000000000e-01,4.358470577684377401e-01
5.000000000000000000e-01,4.021015273597060014e-01
5.000000000000000000e-01,3.711116169278552701e-01
5.000000000000000000e-01,3.426482016049606227e-01
5.000000000000000000e-01,3.165017241276240623e-01
5.000000000000000000e-01,2.924804677364870042e-01
5.000000000000000000e-01,2.704089919014743271e-01
5.000000000000000000e-01,2.501267135976038003e-01
5.000000000000000000e-01,2.314866190746547869e-01
5.000000000000000000e-01,2.143540929294419084e-01
5.000000000000000000e-01,1.986058528689634284e-01
5.000000000000000000e-01,1.841289798989381166e-01
5.000000000000000000e-01,1.708200348271658453e-01
5.000000000000000000e-01,1.585842529682855440e-01
5.000000000000000000e-01,1.473348098025580311e-01
5.000000000000000000e-01,1.369921510978551749e-01
5.000000000000000000e-01,1.274833816686021248e-01
5.000000000000000000e-01,1.187417075322281662e-01
5.000000000000000000e-01,1.107059267444563816e-01
5.000000000000000000e-01,1.033199646591230064e-01
5.000000000000000000e-01,9.653244977446799602e-02
5.000000000000000000e-01,9.029632670257274618e-02
5.000000000000000000e-01,-1.539380400258998582e+00
5.000000000000000000e-01,-1.539380400258998582e+00
5.000000000000000000e-01,-1.539380400258998582e+00
5.000000000000000000e-01,-1.539380400258998582e+00
5.000000000000000000e-01,-1.539380400258998582e+00
5.000000000000000000e-01,-1.539380400258998582e+00
5.000000000000000000e-01,-1.476433137036229359e+00
5.000000000000000000e-01,-1.360583241614335526e+00
5.000000000000000000e-01,-1.254393004447232007e+00
5.000000000000000000e-01,-1.157006165770073869e+00
5.000000000000000000e-01,-1.067651122051284096e+00
5.000000000000000000e-01,-9.856309292537746014e-01
5.000000000000000000e-01,-9.103147900504831025e-01
5.000000000000000000e-01,-8.411307552024547274e-01
5.000000000000000000e-01,-7.775594251484265751e-01
5.000000000000000000e-01,-7.191284813691074529e-01
5.000000000000000000e-01,-6.654079110568831279e-01
5.000000000000000000e-01,-6.160058152065450710e-01
5.000000000000000000e-01,-5.705647111189884324e-01
5.000000000000000000e-01,-5.287582567667390432e-01
5.000000000000000000e-01,-4.902883375000504640e-01
5.000000000000000000e-01,-4.548824659374213764e-01
5.000000000000000000e-01,-4.222914541728160498e-01
5.000000000000000000e-01,-3.922873240956866181e-01
5.000000000000000000e-01,-3.646614270097126576e-01
5.000000000000000000e-01,1.539380400258998582e+00
5.000000000000000000e-01,1.539380400258998582e+00
5.000000000000000000e-01,1.539380400258998582e+00
5.000000000000000000e-01,1.539380400258998582e+00
5.000000000000000000e-01,1.467525575215366862e+00
5.000000000000000000e-01,1.347855089664376171e+00
5.000000000000000000e-01,1.238352581911687400e+00
5.000000000000000000e-01,1.138109344239120579e+00
5.000000000000000000e-01,1.046305873794499908e+00
5.000000000000000000e-01,9.622015655840028270e-01
5.000000000000000000e-01,8.851258903839995806e-01
5.000000000000000000e-01,8.144707950093079685e-01
5.000000000000000000e-01,7.496841152373183714e-01
5.000000000000000000e-01,6.902638333026993589e-01
5.000000000000000000e-01,6.357530446317196660e-01
5.000000000000000000e-01,5.857355242946924445e-01
5.000000000000000000e-01,5.398318040359499914e-01
5.000000000000000000e-01,4.976956868824869429e-01
5.000000000000000000e-01,4.590111391635980920e-01
5.000000000000000000e-01,4.234895100161606973e-01
5.000000000000000000e-01,3.908670366652947092e-01
5.000000000000000000e-01,3.609026003931832816e-01
5.000000000000000000e-01,3.333757034786282714e-01
5.000000000000000000e-01,3.080846417695147221e-01
5.000000000000000000e-01,2.848448511450170639e-01
5.000000000000000000e-01,2.634874090936934476e-01
5.000000000000000000e-01,2.438576751033830203e-01
5.000000000000000000e-01,2.258140556263972809e-01
5.000000000000000000e-01,2.092268811268221396e-01
5.000000000000000000e-01,1.939773841961772161e-01
5.000000000000000000e-01,1.799567689878374677e-01
5.000000000000000000e-01,1.670653633076105149e-01
5.000000000000000000e-01,1.552118456385701006e-01
5.000000000000000000e-01,1.443125401971075417e-01
5.000000000000000000e-01,1.342907738340562429e-01
5.000000000000000000e-01,1.250762892261308434e-01
5.000000000000000000e-01,1.166047093613594016e-01
5.000000000000000000e-01,1.088170488194533519e-01
5.000000000000000000e-01,1.016592677924153393e-01
5.000000000000000000e-01,9.508186519032850448e-02
5.000000000000000000e-01,-1.539380400258998582e+00
5.000000000000000000e-01,-1.539380400258998582e+00
5.000000000000000000e-01,-1.539380400258998582e+00
5.000000000000000000e-01,-1.539380400258998582e+00
5.000000000000000000e-01,-1.539380400258998582e+00
5.000000000000000000e-01,-1.539380400258998582e+00
5.000000000000000000e-01,-1.453635425044005336e+00
5.000000000000000000e-01,-1.339562760309781941e+00
5.000000000000000000e-01,-1.234995515708687597e+00
5.000000000000000000e-01,-1.139092770143317557e+00
5.000000000000000000e-01,-1.051096378930219677e+00
5.000000000000000000e-01,-9.703212692720499799e-01
5.000000000000000000e-01,-8.961471646120438006e-01
5.000000000000000000e-01,-8.280114797208975030e-01
5.000000000000000000e-01,-7.654031816000494981e-01
5.000000000000000000e-01,-7.078574527880350242e-01
5.000000000000000000e-01,-6.549510260743145462e-01
5.000000000000000000e-01,-6.062980850155257340e-01
5.000000000000000000e-01,-5.615466446038295256e-01
5.000000000000000000e-01,-5.203753421814647506e-01
5.000000000000000000e-01,-4.824905811729072735e-01
5.000000000000000000e-01,-4.476239801418538389e-01
5.000000000000000000e-01,-4.155300876333123949e-01
5.000000000000000000e-01,-3.859843296627774589e-01
5.000000000000000000e-01,1.539380400258998582e+00
5.000000000000000000e-01,1.539380400258998582e+00
5.000000000000000000e-01,1.539380400258998582e+00
5.000000000000000000e-01,1.539380400258998582e+00
5.000000000000000000e-01,1.433985968458656890e+00
5.000000000000000000e-01,1.317083566767191405e+00
5.000000000000000000e-01,1.210104454708216926e+00
5.000000000000000000e-01,1.112164070528503634e+00
5.000000000000000000e-01,1.022464200505867060e+00
5.000000000000000000e-01,9.402830969206357192e-01
5.000000000000000000e-01,8.649670038687540252e-01
5.000000000000000000e-01,7.959228440930627979e-01
5.000000000000000000e-01,7.326118695000933823e-01
5.000000000000000000e-01,6.745441169903576561e-01
5.000000000000000000e-01,6.212735419064239206e-01
5.000000000000000000e-01,5.723937255904176791e-01
5.000000000000000000e-01,5.275340726585893147e-01
5.000000000000000000e-01,4.863564287561883970e-01
5.000000000000000000e-01,4.485520616172118946e-01
5.000000000000000000e-01,4.138389578942066049e-01
5.000000000000000000e-01,3.819593959668219907e-01
5.000000000000000000e-01,3.526777611903691434e-01
5.000000000000000000e-01,3.257785751235642846e-01
5.000000000000000000e-01,3.010647144233543071e-01
5.000000000000000000e-01,2.783557985060410300e-01
5.000000000000000000e-01,2.574867278973405615e-01
5.000000000000000000e-01,2.383063575464683947e-01
5.000000000000000000e-01,2.206762913530953552e-01
5.000000000000000000e-01,2.044697858229296838e-01
5.000000000000000000e-01,1.895707521852825761e-01
5.000000000000000000e-01,1.758728475193310214e-01
5.000000000000000000e-01,1.632786464810552229e-01
5.000000000000000000e-01,1.516988861289688129e-01
5.000000000000000000e-01,1.410517771365798478e-01
5.000000000000000000e-01,1.312623753724151965e-01
5.000000000000000000e-01,1.222620084389534484e-01
5.000000000000000000e-01,1.139877523031350010e-01
5.000000000000000000e-01,1.063819536329988907e-01
5.000000000000000000e-01,9.939179388659606651e-02
5.000000000000000000e-01,9.296889158752801030e-02
5.000000000000000000e-01,8.706893957276821971e-02
6.884648203849792480e-01,-2.861099839210510254e-01
6.938117146492004395e-01,-6.631179153919219971e-02
6.974833607673645020e-01,5.408634617924690247e-02
6.933786869049072266e-01,3.864732384681701660e-02
7.034394145011901855e-01,4.620835930109024048e-02
7.005217671394348145e-01,8.217999339103698730e-02
6.980507373809814453e-01,1.235134303569793701e-01
6.989504098892211914e-01,1.184261813759803772e-01
6.981766223907470703e-01,1.380217820405960083e-01
6.944062709808349609e-01,1.788939386606216431e-01
7.010724544525146484e-01,1.138985455036163330e-01
7.003223299980163574e-01,1.450313627719879150e-01
6.992383599281311035e-01,2.330531328916549683e-01
6.989890933036804199e-01,2.587872445583343506e-01
6.926253437995910645e-01,2.903864085674285889e-01
6.911502480506896973e-01,9.421933442354202271e-02
7.038031816482543945e-01,1.525981724262237549e-01
7.003864049911499023e-01,-3.334069252014160156e-02
7.087889909744262695e-01,8.919700980186462402e-02
6.982367634773254395e-01,-9.450674988329410553e-03
7.033575177192687988e-01,-1.723248511552810669e-01
7.043355703353881836e-01,-2.040553539991378784e-01
6.998794078826904297e-01,-4.153785407543182373e-01
7.014297246932983398e-01,-5.343716740608215332e-01
7.031939625740051270e-01,-2.232711315155029297e-01
6.956096291542053223e-01,-2.642030715942382812e-01
7.021877169609069824e-01,-4.181731641292572021e-01
6.991066932678222656e-01,-2.859268486499786377e-01
7.029405832290649414e-01,-1.196549162268638611e-01
7.064355611801147461e-01,-2.545445561408996582e-01
6.999266743659973145e-01,-2.182795107364654541e-01
7.013927698135375977e-01,-2.505461573600769043e-01
6.976950764656066895e-01,-3.850260972976684570e-01
5.000000000000000000e-01,-1.539380400258998582e+00
5.000000000000000000e-01,-1.539380400258998582e+00
5.000000000000000000e-01,-1.539380400258998582e+00
5.000000000000000000e-01,-1.539380400258998582e+00
5.000000000000000000e-01,-1.487280826126903710e+00
5.000000000000000000e-01,-1.375576381372196400e+00
5.000000000000000000e-01,-1.273031728277091323e+00
5.000000000000000000e-01,-1.249995581013010115e+00
5.000000000000000000e-01,-1.147027174367598823e+00
5.000000000000000000e-01,-1.052818024366562133e+00
5.000000000000000000e-01,-9.665946523986315153e-01
5.000000000000000000e-01,-8.876568399684285904e-01
5.000000000000000000e-01,-8.153697220428293146e-01
5.000000000000000000e-01,-7.491569240984909950e-01
5.000000000000000000e-01,-6.884945713214418728e-01
5.000000000000000000e-01,-6.329060315291756833e-01
5.000000000000000000e-01,-5.819572795690513001e-01
5.000000000000000000e-01,-5.352527916759848292e-01
5.000000000000000000e-01,-4.924318947233901622e-01
5.000000000000000000e-01,-4.531655083993174071e-01
5.000000000000000000e-01,-4.171532288093951490e-01
5.000000000000000000e-01,-3.841207104149651497e-01
5.000000000000000000e-01,-3.538173099998685456e-01
5.000000000000000000e-01,-3.260139618658486893e-01
5.000000000000000000e-01,-3.005012579524704575e-01
5.000000000000000000e-01,-2.770877102713578677e-01
5.000000000000000000e-01,-2.555981760996688945e-01
5.000000000000000000e-01,-2.358724289215421988e-01
5.000000000000000000e-01,-2.177638602390457589e-01
5.000000000000000000e-01,-2.011382991744630755e-01
5.000000000000000000e-01,-1.858729383158460036e-01
5.000000000000000000e-01,-1.718553555667606259e-01
5.000000000000000000e-01,-1.589826228881301984e-01
5.000000000000000000e-01,-1.471604937961712989e-01
5.000000000000000000e-01,-1.363026623309105401e-01
5.000000000000000000e-01,-1.263300869543753646e-01
5.000000000000000000e-01,-1.171703734930973767e-01
5.000000000000000000e-01,-1.087572118190729825e-01
5.000000000000000000e-01,-1.010298614777623144e-01
5.000000000000000000e-01,-9.393268193033481317e-02
5.000000000000000000e-01,-8.741470348740580654e-02
5.000000000000000000e-01,-8.142923537940820189e-02
5.000000000000000000e-01,-7.593350773989708535e-02
5.000000000000000000e-01,-7.088834457688068802e-02
5.000000000000000000e-01,-6.625786507766288913e-02
5.000000000000000000e-01,-6.200921083807191259e-02
5.000000000000000000e-01,-5.811229683028233672e-02
5.000000000000000000e-01,-5.453958412732599903e-02
5.000000000000000000e-01,-5.126587258914998280e-02
5.000000000000000000e-01,-4.826811188697970045e-02
5.000000000000000000e-01,-4.552522940159224596e-02
5.000000000000000000e-01,1.539380400258998582e+00
5.000000000000000000e-01,1.539380400258998582e+00
5.000000000000000000e-01,1.539380400258998582e+00
5.000000000000000000e-01,1.539380400258998582e+00
5.000000000000000000e-01,1.539380400258998582e+00
5.000000000000000000e-01,1.539380400258998582e+00
5.000000000000000000e-01,1.539380400258998582e+00
5.000000000000000000e-01,1.516267355455978239e+00
5.000000000000000000e-01,1.393323382196147042e+00
5.000000000000000000e-01,1.280806744234203043e+00
5.000000000000000000e-01,1.177783217445833364e+00
5.000000000000000000e-01,1.083411169474000735e+00
5.000000000000000000e-01,9.969306691713979429e-01
5.000000000000000000e-01,9.176541986601429723e-01
5.000000000000000000e-01,8.449586798305721569e-01
5.000000000000000000e-01,7.782785857372915839e-01
5.000000000000000000e-01,7.170999534270359188e-01
5.000000000000000000e-01,6.609551509265398916e-01
5.000000000000000000e-01,6.094182795784790496e-01
5.000000000000000000e-01,5.621011153383432823e-01
5.000000000000000000e-01,5.186495103652111194e-01
5.000000000000000000e-01,4.787401902919919405e-01
5.000000000000000000e-01,4.420778937504080131e-01
5.000000000000000000e-01,4.083928096774174787e-01
5.000000000000000000e-01,3.774382751271153080e-01
5.000000000000000000e-01,3.489887021306897208e-01
5.000000000000000000e-01,3.228377068784558657e-01
5.000000000000000000e-01,2.987964183692993214e-01
5.000000000000000000e-01,2.766919468604792098e-01
5.000000000000000000e-01,2.563659950931567733e-01
5.000000000000000000e-01,2.376735974740514235e-01
5.000000000000000000e-01,2.204819742464037557e-01
5.000000000000000000e-01,2.046694892509711150e-01
5.000000000000000000e-01,1.901247012128537972e-01
5.000000000000000000e-01,1.767454996349434038e-01
5.000000000000000000e-01,1.644383173669668463e-01
5.000000000000000000e-01,1.531174127777299998e-01
5.000000000000000000e-01,1.427042152087290572e-01
5.000000000000000000e-01,1.331267280477115844e-01
5.000000000000000000e-01,1.243189843455210636e-01
5.000000000000000000e-01,1.162205504204665701e-01
5.000000000000000000e-01,1.087760733620351389e-01
5.000000000000000000e-01,1.019348687683477167e-01
5.000000000000000000e-01,2.732004227382736627e-01
5.000000000000000000e-01,2.511590084391189248e-01
5.000000000000000000e-01,2.309643713846457058e-01
5.000000000000000000e-01,2.124601910373565272e-01
5.000000000000000000e-01,1.955035691377647322e-01
5.000000000000000000e-01,1.799638589086088314e-01
5.000000000000000000e-01,1.657215993258026043e-01
5.000000000000000000e-01,1.526675444869079468e-01
5.000000000000000000e-01,1.407017791652530048e-01
5.000000000000000000e-01,1.297329125607207811e-01
5.000000000000000000e-01,1.196773430675699829e-01
5.000000000000000000e-01,1.104585875930206712e-01
5.000000000000000000e-01,1.020066695919313177e-01
5.000000000000000000e-01,9.425756054391402905e-02
5.000000000000000000e-01,8.715267009978848456e-02
5.000000000000000000e-01,8.063838057183207730e-02
5.000000000000000000e-01,7.466562184385754086e-02
5.000000000000000000e-01,6.918948313815835582e-02
5.000000000000000000e-01,6.416885840165402477e-02
5.000000000000000000e-01,5.956612236728790755e-02
5.000000000000000000e-01,5.534683461222104917e-02
5.000000000000000000e-01,5.147946917483796347e-02
5.000000000000000000e-01,4.793516751063346681e-02
5.000000000000000000e-01,4.468751276488962254e-02
5.000000000000000000e-01,4.171232351996127796e-02
5.000000000000000000e-01,3.898746533842593898e-02
5.000000000000000000e-01,3.649267857240960644e-02
5.000000000000000000e-01,3.420942104489536895e-02
5.000000000000000000e-01,3.212072433268513272e-02
5.000000000000000000e-01,3.021106249351372675e-02
5.000000000000000000e-01,2.846623218303516445e-02
5.000000000000000000e-01,2.687324320186217086e-02
5.000000000000000000e-01,2.542021859909286696e-02
5.000000000000000000e-01,2.409630353842988348e-02
5.000000000000000000e-01,2.289158220548852263e-02
5.000000000000000000e-01,2.179700210252004389e-02
5.000000000000000000e-01,2.080430513857027541e-02
5.000000000000000000e-01,1.990596498098522182e-02
5.000000000000000000e-01,1.909513018779289417e-02
6.999999999999999556e-01,0.000000000000000000e+00
6.999999999999999556e-01,1.988477277533266807e-02
6.999999999999999556e-01,1.961767738778145975e-02
5.000000000000000000e-01,7.100429416567503871e-02
5.000000000000000000e-01,6.555548019029604212e-02
5.000000000000000000e-01,6.056640384850257852e-02
5.000000000000000000e-01,5.599834952660724674e-02
5.000000000000000000e-01,5.181591113979937269e-02
5.000000000000000000e-01,4.798670763432415221e-02
5.000000000000000000e-01,4.448112318553380795e-02
5.000000000000000000e-01,4.127206993160807691e-02
5.000000000000000000e-01,3.833477127476019042e-02
5.000000000000000000e-01,3.564656395613123585e-02
5.000000000000000000e-01,3.318671726933768162e-02
5.000000000000000000e-01,3.093626792185570629e-02
5.000000000000000000e-01,2.887786918496874911e-02
5.000000000000000000e-01,2.699565309260502921e-02
5.000000000000000000e-01,2.527510455851338100e-02
5.000000000000000000e-01,2.370294638052942993e-02
5.000000000000000000e-01,2.226703419131563499e-02
5.000000000000000000e-01,2.095626049771563693e-02
5.000000000000000000e-01,1.976046702606897021e-02
5.000000000000000000e-01,1.867036465977971182e-02
6.999999999999999556e-01,0.000000000000000000e+00
6.999999999999999556e-01,1.874285919908640075e-02
6.999999999999999556e-01,0.000000000000000000e+00
6.999999999999999556e-01,1.921286469741882719e-02
6.999999999999999556e-01,0.000000000000000000e+00
6.999999999999999556e-01,1.976516678599953003e-02
6.999999999999999556e-01,1.914698922778317047e-02
6.999999999999999556e-01,1.860222633427159600e-02
6.999999999999999556e-01,0.000000000000000000e+00
6.999999999999999556e-01,1.942759539072529129e-02
6.999999999999999556e-01,1.896413743929219187e-02
6.999999999999999556e-01,0.000000000000000000e+00
6.999999999999999556e-01,1.999372174168083383e-02
6.999999999999999556e-01,1.961186183028455765e-02
6.999999999999999556e-01,1.929933752480809950e-02
6.999999999999999556e-01,1.905385245322559207e-02
6.999999999999999556e-01,1.887365557851854170e-02
5.000000000000000000e-01,4.108171281426269139e-02
5.000000000000000000e-01,3.808542089011250631e-02
5.000000000000000000e-01,3.534417614387112827e-02
5.000000000000000000e-01,3.283656395267069150e-02
5.000000000000000000e-01,3.054300214509968192e-02
5.000000000000000000e-01,2.844558372546739100e-02
5.000000000000000000e-01,2.652793323517403656e-02
5.000000000000000000e-01,2.477507556431017555e-02
5.000000000000000000e-01,2.317331613092558917e-02
5.000000000000000000e-01,2.171013144068982548e-02
5.000000000000000000e-01,2.037406912625154554e-02
5.000000000000000000e-01,1.915465664478847863e-02
6.999999999999999556e-01,0.000000000000000000e+00
6.999999999999999556e-01,1.899760164452839184e-02
6.999999999999999556e-01,0.000000000000000000e+00
6.999999999999999556e-01,1.919986649683540214e-02
6.999999999999999556e-01,0.000000000000000000e+00
6.999999999999999556e-01,1.947371219511477569e-02
6.999999999999999556e-01,1.872783213034150129e-02
6.999999999999999556e-01,0.000000000000000000e+00
6.999999999999999556e-01,1.916423387193137706e-02
6.999999999999999556e-01,0.000000000000000000e+00
6.999999999999999556e-01,1.968091865607117519e-02
6.999999999999999556e-01,1.904832847613473212e-02
6.999999999999999556e-01,0.000000000000000000e+00
6.999999999999999556e-01,1.974400167081373503e-02
6.999999999999999556e-01,1.919999601489567886e-02
6.999999999999999556e-01,1.872724141090191530e-02
6.999999999999999556e-01,0.000000000000000000e+00
6.999999999999999556e-01,1.971229322307781195e-02
6.999999999999999556e-01,1.931936339063593244e-02
6.999999999999999556e-01,1.899469042360184268e-02
6.999999999999999556e-01,1.873583014314465778e-02
6.999999999999999556e-01,0.000000000000000000e+00
5.000000000000000000e-01,1.114998929511051146e-01
5.000000000000000000e-01,1.027304509013047679e-01
5.000000000000000000e-01,9.469800114849373507e-02
5.000000000000000000e-01,8.734037769470663626e-02
5.000000000000000000e-01,8.060072892256169019e-02
5.000000000000000000e-01,7.442705985872913321e-02
5.000000000000000000e-01,6.877181431056177130e-02
5.000000000000000000e-01,6.359149335412390969e-02
5.000000000000000000e-01,5.884630697196130411e-02
5.000000000000000000e-01,5.449985592827703840e-02
5.000000000000000000e-01,5.051884123105340740e-02
5.000000000000000000e-01,4.687279876792835309e-02
5.000000000000000000e-01,4.353385691787321765e-02
5.000000000000000000e-01,4.047651513612497698e-02
5.000000000000000000e-01,3.767744168743762667e-02
5.000000000000000000e-01,3.511528886413724238e-02
5.000000000000000000e-01,3.277052417241657634e-02
5.000000000000000000e-01,3.062527610402879241e-02
5.000000000000000000e-01,2.866319323239092942e-02
5.000000000000000000e-01,2.686931548309168249e-02
5.000000000000000000e-01,2.522995653004210526e-02
5.000000000000000000e-01,2.373259636086305635e-02
5.000000000000000000e-01,2.236578313919213024e-02
5.000000000000000000e-01,2.111904356881581790e-02
5.000000000000000000e-01,1.998280103442760802e-02
5.000000000000000000e-01,1.894830085840237821e-02
6.999999999999999556e-01,0.000000000000000000e+00
6.999999999999999556e-01,1.918838506427301971e-02
6.999999999999999556e-01,1.861726994476219088e-02
6.999999999999999556e-01,0.000000000000000000e+00
6.999999999999999556e-01,1.939102585293768499e-02
6.999999999999999556e-01,1.890253919800581606e-02
6.999999999999999556e-01,0.000000000000000000e+00
6.999999999999999556e-01,1.987434344883685922e-02
6.999999999999999556e-01,1.946747810558628611e-02
6.999999999999999556e-01,1.912973627044860236e-02
6.999999999999999556e-01,1.885858247367620810e-02
6.999999999999999556e-01,1.865200929093059623e-02
5.000000000000000000e-01,1.771624360481423577e-01
5.000000000000000000e-01,1.630093018050791653e-01
5.000000000000000000e-01,1.500428397741069841e-01
5.000000000000000000e-01,1.381628094825407271e-01
5.000000000000000000e-01,1.272775493264839963e-01
5.000000000000000000e-01,1.173032346858613878e-01
5.000000000000000000e-01,1.081632012628313405e-01
5.000000000000000000e-01,9.978732774713687526e-02
5.000000000000000000e-01,9.211147247757960066e-02
5.000000000000000000e-01,8.507695927328544350e-02
5.000000000000000000e-01,7.863010806028067345e-02
5.000000000000000000e-01,7.272180632423205782e-02
5.000000000000000000e-01,6.730711778487931396e-02
5.000000000000000000e-01,6.234492501638365380e-02
5.000000000000000000e-01,5.779760303469375082e-02
5.000000000000000000e-01,5.363072114138701940e-02
5.000000000000000000e-01,4.981277055661331721e-02
5.000000000000000000e-01,4.631491559414231685e-02
5.000000000000000000e-01,4.311076633162962135e-02
5.000000000000000000e-01,4.017617091086524150e-02
5.000000000000000000e-01,3.748902576812997156e-02
5.000000000000000000e-01,3.502910224505446923e-02
5.000000000000000000e-01,3.277788816731021238e-02
5.000000000000000000e-01,3.071844310321186766e-02
5.000000000000000000e-01,2.883526612797443489e-02
5.000000000000000000e-01,2.711417502321751549e-02
5.000000000000000000e-01,2.554219593590328907e-02
5.000000000000000000e-01,2.410746260748000691e-02
5.000000000000000000e-01,2.279912436319288249e-02
5.000000000000000000e-01,2.160726212379257549e-02
5.000000000000000000e-01,2.052281176836753818e-02
5.000000000000000000e-01,1.953749423785508532e-02
5.000000000000000000e-01,1.864375182486821547e-02
6.999999999999999556e-01,0.000000000000000000e+00
6.999999999999999556e-01,1.917084245102339268e-02
6.999999999999999556e-01,1.877035647678994279e-02
6.999999999999999556e-01,0.000000000000000000e+00
6.999999999999999556e-01,1.990823978763420210e-02
6.999999999999999556e-01,1.958692025863802144e-02
6.999999999999999556e-01,1.933405066366430947e-02
5.000000000000000000e-01,-1.539380400258998582e+00
5.000000000000000000e-01,-1.539380400258998582e+00
5.000000000000000000e-01,-1.539380400258998582e+00
5.000000000000000000e-01,-1.539380400258998582e+00
5.000000000000000000e-01,-1.539380400258998582e+00
5.000000000000000000e-01,-1.539380400258998582e+00
5.000000000000000000e-01,-1.539380400258998582e+00
5.000000000000000000e-01,-1.539380400258998582e+00
5.000000000000000000e-01,-1.539380400258998582e+00
5.000000000000000000e-01,-1.539380400258998582e+00
5.000000000000000000e-01,-1.539380400258998582e+00
5.000000000000000000e-01,-1.539380400258998582e+00
5.000000000000000000e-01,-1.486066851142494150e+00
5.000000000000000000e-01,-1.376825034455831931e+00
5.000000000000000000e-01,-1.276482548052362054e+00
5.000000000000000000e-01,-1.184262806374645427e+00
5.000000000000000000e-01,-1.099466486242464347e+00
5.000000000000000000e-01,-1.021462263147815852e+00
5.000000000000000000e-01,-9.496789615175431631e-01
5.000000000000000000e-01,-8.835988560264522729e-01
5.000000000000000000e-01,-8.227519171560933042e-01
5.000000000000000000e-01,-7.667108374493414313e-01
6.880566477775573730e-01,-1.480101585388183594e+00
6.860504150390625000e-01,-1.483850598335266113e+00
6.783727407455444336e-01,-1.554237246513366699e+00
6.743846535682678223e-01,-1.617741823196411133e+00
6.715338826179504395e-01,-1.709541916847229004e+00
6.785712838172912598e-01,-1.367711067199707031e+00
6.836793422698974609e-01,-1.056115627288818359e+00
6.776353120803833008e-01,-1.008304119110107422e+00
6.870782971382141113e-01,-5.637641549110412598e-01
6.920509338378906250e-01,-2.333409339189529419e-01
6.931619644165039062e-01,-2.868086695671081543e-01
6.948677897453308105e-01,-3.059052117168903351e-02
6.930643320083618164e-01,-3.800369426608085632e-02
6.958888173103332520e-01,-5.285819247364997864e-02
6.999005079269409180e-01,-4.271585121750831604e-02
6.936282515525817871e-01,-1.264990866184234619e-01
7.026432156562805176e-01,-4.774697870016098022e-02
6.998237371444702148e-01,-2.927156351506710052e-02
7.004818320274353027e-01,-8.157223463058471680e-02
7.035574316978454590e-01,1.106791272759437561e-01
6.908702850341796875e-01,-3.491336107254028320e-01
6.941127181053161621e-01,-3.425085842609405518e-01
6.966723203659057617e-01,-3.905264735221862793e-01
6.999751329421997070e-01,-2.767957746982574463e-01
7.019224762916564941e-01,-1.764965951442718506e-01
6.978214979171752930e-01,3.257188946008682251e-02
6.918774247169494629e-01,-1.134064793586730957e-01
6.943995952606201172e-01,-3.152045011520385742e-01
6.932962536811828613e-01,-1.656109094619750977e-01
6.984510421752929688e-01,-2.493944466114044189e-01
7.000923156738281250e-01,-1.832799017429351807e-01
6.999592185020446777e-01,-1.250951588153839111e-01
