6.863883137702941895e-01,-3.907360509037971497e-02
6.135702729225158691e-01,2.740543782711029053e-01
6.766183376312255859e-01,3.730470240116119385e-01
6.764442324638366699e-01,4.557839930057525635e-01
6.984353065490722656e-01,-2.938405275344848633e-01
6.886423230171203613e-01,-7.108564376831054688e-01
6.631942987442016602e-01,-6.078684329986572266e-01
6.907405257225036621e-01,-8.155404925346374512e-01
6.943127512931823730e-01,-6.675310134887695312e-01
7.020984888076782227e-01,-5.250151753425598145e-01
6.973329186439514160e-01,-3.939451277256011963e-01
6.932058334350585938e-01,-6.310658454895019531e-01
5.000000000000000000e-01,-1.539380400258998582e+00
0.000000000000000000e+00,1.570796326794896558e+00
0.000000000000000000e+00,1.570796326794896558e+00
0.000000000000000000e+00,1.570796326794896558e+00
0.000000000000000000e+00,1.570796326794896558e+00
0.000000000000000000e+00,1.570796326794896558e+00
0.000000000000000000e+00,1.570796326794896558e+00
0.000000000000000000e+00,1.570796326794896558e+00
0.000000000000000000e+00,1.570796326794896558e+00
0.000000000000000000e+00,1.570796326794896558e+00
0.000000000000000000e+00,1.570796326794896558e+00
0.000000000000000000e+00,1.570796326794896558e+00
0.000000000000000000e+00,1.570796326794896558e+00
0.000000000000000000e+00,1.570796326794896558e+00
0.000000000000000000e+00,1.570796326794896558e+00
0.000000000000000000e+00,1.570796326794896558e+00
0.000000000000000000e+00,1.570796326794896558e+00
0.000000000000000000e+00,1.570796326794896558e+00
0.000000000000000000e+00,1.570796326794896558e+00
0.000000000000000000e+00,1.570796326794896558e+00
0.000000000000000000e+00,1.570796326794896558e+00
0.000000000000000000e+00,1.570796326794896558e+00
0.000000000000000000e+00,1.570796326794896558e+00
0.000000000000000000e+00,1.570796326794896558e+00
0.000000000000000000e+00,1.570796326794896558e+00
0.000000000000000000e+00,1.570796326794896558e+00
0.000000000000000000e+00,1.570796326794896558e+00
0.000000000000000000e+00,1.570796326794896558e+00
0.000000000000000000e+00,1.570796326794896558e+00
0.000000000000000000e+00,1.570796326794896558e+00
0.000000000000000000e+00,1.570796326794896558e+00
0.000000000000000000e+00,1.570796326794896558e+00
0.000000000000000000e+00,1.570796326794896558e+00
0.000000000000000000e+00,1.570796326794896558e+00
0.000000000000000000e+00,1.570796326794896558e+00
0.000000000000000000e+00,1.570796326794896558e+00
0.000000000000000000e+00,1.570796326794896558e+00
0.000000000000000000e+00,1.570796326794896558e+00
0.000000000000000000e+00,1.570796326794896558e+00
0.000000000000000000e+00,1.570796326794896558e+00
0.000000000000000000e+00,1.570796326794896558e+00
5.000000000000000000e-01,-1.539380400258998582e+00
5.000000000000000000e-01,-1.507964473723100607e+00
5.000000000000000000e-01,-1.476548547187202631e+00
6.713533401489257812e-01,-2.886253893375396729e-01
5.000000000000000000e-01,1.539380400258998582e+00
5.000000000000000000e-01,1.507964473723100607e+00
5.000000000000000000e-01,1.476548547187202631e+00
5.000000000000000000e-01,1.445132620651304656e+00
5.000000000000000000e-01,1.413716694115406680e+00
5.000000000000000000e-01,1.382300767579508705e+00
5.000000000000000000e-01,1.350884841043610729e+00
5.000000000000000000e-01,1.319468914507712753e+00
5.000000000000000000e-01,1.288052987971814778e+00
5.000000000000000000e-01,1.256637061435916802e+00
5.000000000000000000e-01,1.225221134900018827e+00
5.000000000000000000e-01,1.193805208364120851e+00
5.000000000000000000e-01,1.162389281828222876e+00
5.000000000000000000e-01,1.130973355292324900e+00
5.000000000000000000e-01,1.099557428756426924e+00
5.000000000000000000e-01,1.068141502220528949e+00
5.000000000000000000e-01,1.036725575684630973e+00
5.000000000000000000e-01,1.005309649148732998e+00
5.000000000000000000e-01,9.738937226128350222e-01
5.000000000000000000e-01,9.424777960769370466e-01
5.000000000000000000e-01,9.110618695410390711e-01
5.000000000000000000e-01,8.796459430051410955e-01
5.000000000000000000e-01,8.482300164692431199e-01
5.000000000000000000e-01,8.168140899333451443e-01
5.000000000000000000e-01,7.853981633974471688e-01
5.000000000000000000e-01,7.539822368615491932e-01
5.000000000000000000e-01,7.225663103256512176e-01
5.000000000000000000e-01,6.911503837897532421e-01
5.000000000000000000e-01,6.597344572538552665e-01
5.000000000000000000e-01,6.283185307179572909e-01
5.000000000000000000e-01,5.969026041820593154e-01
5.000000000000000000e-01,5.654866776461613398e-01
5.000000000000000000e-01,5.340707511102633642e-01
5.000000000000000000e-01,5.026548245743653887e-01
5.000000000000000000e-01,4.712388980384674686e-01
5.000000000000000000e-01,4.398229715025695485e-01
5.000000000000000000e-01,4.084070449666716285e-01
5.000000000000000000e-01,3.769911184307737084e-01
5.000000000000000000e-01,3.455751918948757884e-01
5.000000000000000000e-01,3.141592653589778683e-01
5.000000000000000000e-01,2.827433388230799483e-01
5.000000000000000000e-01,2.513274122871820282e-01
5.000000000000000000e-01,2.199114857512841081e-01
5.000000000000000000e-01,1.884955592153861881e-01
5.000000000000000000e-01,1.570796326794882680e-01
5.000000000000000000e-01,1.256637061435903480e-01
5.000000000000000000e-01,9.424777960769241403e-02
5.000000000000000000e-01,6.283185307179448009e-02
5.000000000000000000e-01,3.141592653589654616e-02
5.000000000000000000e-01,0.000000000000000000e+00
5.000000000000000000e-01,0.000000000000000000e+00
5.000000000000000000e-01,1.539380400258998582e+00
5.000000000000000000e-01,1.507964473723100607e+00
5.000000000000000000e-01,1.476548547187202631e+00
5.000000000000000000e-01,1.445132620651304656e+00
5.000000000000000000e-01,1.413716694115406680e+00
5.000000000000000000e-01,1.382300767579508705e+00
5.000000000000000000e-01,1.350884841043610729e+00
5.000000000000000000e-01,1.319468914507712753e+00
5.000000000000000000e-01,1.288052987971814778e+00
5.000000000000000000e-01,1.256637061435916802e+00
5.000000000000000000e-01,1.225221134900018827e+00
5.000000000000000000e-01,1.193805208364120851e+00
5.000000000000000000e-01,1.162389281828222876e+00
5.000000000000000000e-01,1.130973355292324900e+00
5.000000000000000000e-01,1.099557428756426924e+00
5.000000000000000000e-01,1.068141502220528949e+00
5.000000000000000000e-01,-1.539380400258998582e+00
5.000000000000000000e-01,-1.507964473723100607e+00
5.000000000000000000e-01,-1.476548547187202631e+00
5.000000000000000000e-01,-1.445132620651304656e+00
5.000000000000000000e-01,-1.413716694115406680e+00
5.000000000000000000e-01,-1.382300767579508705e+00
5.000000000000000000e-01,-1.350884841043610729e+00
5.000000000000000000e-01,-1.319468914507712753e+00
5.000000000000000000e-01,-1.288052987971814778e+00
5.000000000000000000e-01,-1.256637061435916802e+00
5.000000000000000000e-01,-1.225221134900018827e+00
5.000000000000000000e-01,-1.193805208364120851e+00
5.000000000000000000e-01,-1.162389281828222876e+00
5.000000000000000000e-01,-1.130973355292324900e+00
5.000000000000000000e-01,-1.099557428756426924e+00
5.000000000000000000e-01,-1.068141502220528949e+00
5.000000000000000000e-01,-1.036725575684630973e+00
5.000000000000000000e-01,-1.005309649148732998e+00
5.000000000000000000e-01,-9.738937226128350222e-01
5.000000000000000000e-01,-9.424777960769370466e-01
5.000000000000000000e-01,-9.110618695410390711e-01
5.000000000000000000e-01,-8.796459430051410955e-01
5.000000000000000000e-01,-8.482300164692431199e-01
5.000000000000000000e-01,-8.168140899333451443e-01
5.000000000000000000e-01,-7.853981633974471688e-01
5.000000000000000000e-01,-7.539822368615491932e-01
5.000000000000000000e-01,-7.225663103256512176e-01
5.000000000000000000e-01,-6.911503837897532421e-01
5.000000000000000000e-01,-6.597344572538552665e-01
5.000000000000000000e-01,-6.283185307179572909e-01
5.000000000000000000e-01,-5.969026041820593154e-01
5.000000000000000000e-01,-5.654866776461613398e-01
5.000000000000000000e-01,-5.340707511102633642e-01
5.000000000000000000e-01,-5.026548245743653887e-01
5.000000000000000000e-01,-4.712388980384674686e-01
5.000000000000000000e-01,-4.398229715025695485e-01
5.000000000000000000e-01,-4.084070449666716285e-01
5.000000000000000000e-01,-3.769911184307737084e-01
5.000000000000000000e-01,-3.455751918948757884e-01
5.000000000000000000e-01,-3.141592653589778683e-01
5.000000000000000000e-01,-2.827433388230799483e-01
5.000000000000000000e-01,-2.513274122871820282e-01
5.000000000000000000e-01,-2.199114857512841081e-01
5.000000000000000000e-01,-1.884955592153861881e-01
6.947150826454162598e-01,-2.259880863130092621e-02
6.996725797653198242e-01,1.447997987270355225e-03
6.996700763702392578e-01,-1.012887732940725982e-04
6.980295181274414062e-01,2.290856279432773590e-02
6.979651451110839844e-01,5.636609345674514771e-02
6.942083239555358887e-01,2.123466692864894867e-02
7.010501027107238770e-01,8.007413893938064575e-02
6.979143619537353516e-01,7.110904157161712646e-02
6.963760256767272949e-01,1.651885509490966797e-01
6.959160566329956055e-01,5.959005653858184814e-02
7.023156285285949707e-01,1.860649138689041138e-01
7.047882676124572754e-01,5.650474503636360168e-02
7.040756940841674805e-01,1.920342445373535156e-01
6.989623308181762695e-01,-5.607609171420335770e-03
7.077612280845642090e-01,6.403593719005584717e-02
6.955741643905639648e-01,-2.472526580095291138e-01
6.993024945259094238e-01,-3.096283413469791412e-02
7.038984298706054688e-01,-1.784320105798542500e-03
6.936839818954467773e-01,-2.251941263675689697e-01
7.039403319358825684e-01,-2.662937939167022705e-01
7.067510485649108887e-01,-4.253577440977096558e-02
6.990182995796203613e-01,-4.974575042724609375e-01
7.050268650054931641e-01,-5.547640323638916016e-01
7.041512727737426758e-01,-7.875499874353408813e-02
6.986634135246276855e-01,-5.585197806358337402e-01
6.990135312080383301e-01,-2.593756318092346191e-01
6.999474763870239258e-01,-1.166932135820388794e-01
7.059122323989868164e-01,-2.128838002681732178e-01
6.948897242546081543e-01,-1.682723164558410645e-01
6.988285779953002930e-01,-1.272185146808624268e-01
6.978417634963989258e-01,-2.656349539756774902e-01
5.000000000000000000e-01,-1.539380400258998582e+00
5.000000000000000000e-01,-1.539380400258998582e+00
5.000000000000000000e-01,-1.507964473723100607e+00
5.000000000000000000e-01,-1.476548547187202631e+00
5.000000000000000000e-01,-1.445132620651304656e+00
5.000000000000000000e-01,-1.413716694115406680e+00
5.000000000000000000e-01,-1.382300767579508705e+00
5.000000000000000000e-01,-1.350884841043610729e+00
5.000000000000000000e-01,-1.319468914507712753e+00
5.000000000000000000e-01,-1.288052987971814778e+00
5.000000000000000000e-01,-1.256637061435916802e+00
6.960469484329223633e-01,-4.561209380626678467e-01
6.973460316658020020e-01,-2.592400312423706055e-01
6.982220411300659180e-01,-4.882691800594329834e-01
6.956689357757568359e-01,-4.353662729263305664e-01
6.984489560127258301e-01,-4.869301319122314453e-01
6.930329203605651855e-01,-5.295107960700988770e-01
6.925103664398193359e-01,-5.583400726318359375e-01
6.933779120445251465e-01,-4.537285864353179932e-01
6.921129226684570312e-01,-7.541135549545288086e-01
6.931306719779968262e-01,-6.152257323265075684e-01
6.871985197067260742e-01,-7.481595873832702637e-01
6.846084594726562500e-01,-8.163755536079406738e-01
6.874794960021972656e-01,-8.890761733055114746e-01
6.927155852317810059e-01,-5.938670039176940918e-01
6.939350366592407227e-01,-5.708864927291870117e-01
6.857525706291198730e-01,-5.827191472053527832e-01
6.869528889656066895e-01,-6.067467927932739258e-01
6.866825222969055176e-01,-4.813861846923828125e-01
6.947081089019775391e-01,-3.548385202884674072e-01
6.941839456558227539e-01,-2.802804708480834961e-01
6.940732598304748535e-01,-1.853017657995223999e-01
6.956114768981933594e-01,-1.879252493381500244e-01
7.048941850662231445e-01,-5.691055953502655029e-02
6.969945430755615234e-01,-6.528934091329574585e-02
6.985732316970825195e-01,-6.707204133272171021e-02
6.943686604499816895e-01,-1.599034667015075684e-01
6.911624073982238770e-01,-9.329315274953842163e-02
7.005129456520080566e-01,-8.828058093786239624e-02
6.994902491569519043e-01,-7.878601551055908203e-03
6.964349746704101562e-01,-7.806351035833358765e-02
6.977148652076721191e-01,-9.254956617951393127e-03
5.000000000000000000e-01,-1.539380400258998582e+00
6.934940814971923828e-01,3.078005462884902954e-02
6.956941485404968262e-01,-1.085477508604526520e-02
6.967661380767822266e-01,3.363838046789169312e-02
6.989108324050903320e-01,-9.278123266994953156e-03
6.961857676506042480e-01,2.215325366705656052e-03
6.985058188438415527e-01,6.817149370908737183e-02
6.965788006782531738e-01,4.191084951162338257e-02
6.968461275100708008e-01,7.837009429931640625e-02
6.994994282722473145e-01,1.602966710925102234e-02
7.014105916023254395e-01,-6.486878544092178345e-02
6.988286972045898438e-01,-4.953946173191070557e-02
7.024037241935729980e-01,1.065311580896377563e-01
6.988942027091979980e-01,-2.849616808816790581e-03
7.008849978446960449e-01,-4.640120267868041992e-02
6.990061998367309570e-01,5.547488108277320862e-03
6.932935118675231934e-01,-1.608207374811172485e-01
7.057028412818908691e-01,-6.647561490535736084e-02
6.967828273773193359e-01,-1.415456086397171021e-01
6.904714107513427734e-01,-2.947332859039306641e-01
6.990161538124084473e-01,-2.895055413246154785e-01
7.022688984870910645e-01,-3.608155846595764160e-01
7.037304043769836426e-01,-2.550366818904876709e-01
7.054931521415710449e-01,-2.301657348871231079e-01
6.964549422264099121e-01,-4.426725208759307861e-01
6.958194971084594727e-01,-3.786840140819549561e-01
7.028219103813171387e-01,-2.763511426746845245e-02
6.994072794914245605e-01,-9.422614425420761108e-02
6.973920464515686035e-01,-1.942626573145389557e-02
7.012701630592346191e-01,-1.160111948847770691e-01
6.950774788856506348e-01,-4.069840610027313232e-01
6.984867453575134277e-01,-2.972379624843597412e-01
5.000000000000000000e-01,-1.539380400258998582e+00
5.000000000000000000e-01,-1.539380400258998582e+00
5.000000000000000000e-01,-1.507964473723100607e+00
5.000000000000000000e-01,-1.476548547187202631e+00
5.000000000000000000e-01,-1.445132620651304656e+00
5.000000000000000000e-01,-1.413716694115406680e+00
5.000000000000000000e-01,-1.382300767579508705e+00
5.000000000000000000e-01,-1.350884841043610729e+00
5.000000000000000000e-01,-1.319468914507712753e+00
5.000000000000000000e-01,-1.288052987971814778e+00
5.000000000000000000e-01,-1.256637061435916802e+00
5.000000000000000000e-01,-1.225221134900018827e+00
5.000000000000000000e-01,1.539380400258998582e+00
5.000000000000000000e-01,1.507964473723100607e+00
5.000000000000000000e-01,1.476548547187202631e+00
5.000000000000000000e-01,1.445132620651304656e+00
5.000000000000000000e-01,1.413716694115406680e+00
5.000000000000000000e-01,1.382300767579508705e+00
5.000000000000000000e-01,1.350884841043610729e+00
5.000000000000000000e-01,1.319468914507712753e+00
5.000000000000000000e-01,1.288052987971814778e+00
5.000000000000000000e-01,1.256637061435916802e+00
5.000000000000000000e-01,1.225221134900018827e+00
5.000000000000000000e-01,1.193805208364120851e+00
5.000000000000000000e-01,1.162389281828222876e+00
5.000000000000000000e-01,1.130973355292324900e+00
5.000000000000000000e-01,1.099557428756426924e+00
5.000000000000000000e-01,1.068141502220528949e+00
5.000000000000000000e-01,1.036725575684630973e+00
5.000000000000000000e-01,1.005309649148732998e+00
5.000000000000000000e-01,9.738937226128350222e-01
5.000000000000000000e-01,9.424777960769370466e-01
5.000000000000000000e-01,9.110618695410390711e-01
5.000000000000000000e-01,8.796459430051410955e-01
5.000000000000000000e-01,8.482300164692431199e-01
5.000000000000000000e-01,8.168140899333451443e-01
5.000000000000000000e-01,7.853981633974471688e-01
5.000000000000000000e-01,7.539822368615491932e-01
5.000000000000000000e-01,7.225663103256512176e-01
5.000000000000000000e-01,6.911503837897532421e-01
5.000000000000000000e-01,6.597344572538552665e-01
5.000000000000000000e-01,6.283185307179572909e-01
5.000000000000000000e-01,5.969026041820593154e-01
5.000000000000000000e-01,5.654866776461613398e-01
5.000000000000000000e-01,5.340707511102633642e-01
5.000000000000000000e-01,5.026548245743653887e-01
5.000000000000000000e-01,4.712388980384674686e-01
5.000000000000000000e-01,4.398229715025695485e-01
5.000000000000000000e-01,4.084070449666716285e-01
5.000000000000000000e-01,3.769911184307737084e-01
5.000000000000000000e-01,3.455751918948757884e-01
5.000000000000000000e-01,-1.539380400258998582e+00
5.000000000000000000e-01,-1.507964473723100607e+00
5.000000000000000000e-01,-1.476548547187202631e+00
5.000000000000000000e-01,-1.445132620651304656e+00
5.000000000000000000e-01,-1.413716694115406680e+00
5.000000000000000000e-01,-1.539380400258998582e+00
5.000000000000000000e-01,-1.507964473723100607e+00
5.000000000000000000e-01,-1.476548547187202631e+00
5.000000000000000000e-01,-1.445132620651304656e+00
5.000000000000000000e-01,-1.413716694115406680e+00
5.000000000000000000e-01,-1.382300767579508705e+00
5.000000000000000000e-01,-1.350884841043610729e+00
5.000000000000000000e-01,-1.319468914507712753e+00
5.000000000000000000e-01,-1.288052987971814778e+00
5.000000000000000000e-01,-1.256637061435916802e+00
5.000000000000000000e-01,-1.225221134900018827e+00
5.630294084548950195e-01,-1.630187034606933594e+00
6.218296885490417480e-01,-1.504384517669677734e+00
6.655963063240051270e-01,-1.674706339836120605e+00
6.863920688629150391e-01,-1.025380134582519531e+00
6.777535080909729004e-01,-1.259729385375976562e+00
6.832707524299621582e-01,-1.119278430938720703e+00
6.840475201606750488e-01,-9.648016691207885742e-01
6.829832196235656738e-01,-9.673966169357299805e-01
6.899539828300476074e-01,-8.833275437355041504e-01
6.850767731666564941e-01,-8.155533075332641602e-01
6.929040551185607910e-01,-8.585783839225769043e-01
6.875486969947814941e-01,-9.300702810287475586e-01
6.918700337409973145e-01,-9.868219494819641113e-01
6.784178614616394043e-01,-9.190480709075927734e-01
6.853272318840026855e-01,-9.492032527923583984e-01
6.800849437713623047e-01,-9.033528566360473633e-01
6.838606595993041992e-01,-6.115502119064331055e-01
6.867613792419433594e-01,-9.278257489204406738e-01
6.848847270011901855e-01,-9.528855085372924805e-01
6.796390414237976074e-01,-8.419787883758544922e-01
6.828610897064208984e-01,-7.473949790000915527e-01
6.966767907142639160e-01,-5.888533592224121094e-01
6.809428334236145020e-01,-6.217535734176635742e-01
6.821737289428710938e-01,-6.665921211242675781e-01
6.971581578254699707e-01,-7.814497947692871094e-01
7.040225267410278320e-01,-5.133674144744873047e-01
6.662253141403198242e-01,-6.384676694869995117e-01
7.155637741088867188e-01,-1.871376335620880127e-01
7.019583582878112793e-01,-1.186836212873458862e-01
6.969218254089355469e-01,-1.652890741825103760e-01
6.945398449897766113e-01,-2.305114418268203735e-01
6.989650130271911621e-01,-1.576790362596511841e-01
7.030059695243835449e-01,-1.810483038425445557e-01
6.977206468582153320e-01,-2.490347921848297119e-01
6.961201429367065430e-01,-1.802587062120437622e-01
6.968463063240051270e-01,-4.400841593742370605e-01
5.000000000000000000e-01,-1.539380400258998582e+00
5.000000000000000000e-01,1.539380400258998582e+00
5.000000000000000000e-01,1.507964473723100607e+00
5.000000000000000000e-01,1.476548547187202631e+00
5.000000000000000000e-01,1.445132620651304656e+00
5.000000000000000000e-01,1.413716694115406680e+00
5.000000000000000000e-01,1.382300767579508705e+00
5.000000000000000000e-01,1.350884841043610729e+00
5.000000000000000000e-01,1.319468914507712753e+00
5.000000000000000000e-01,1.288052987971814778e+00
5.000000000000000000e-01,1.256637061435916802e+00
5.000000000000000000e-01,1.225221134900018827e+00
5.000000000000000000e-01,1.193805208364120851e+00
5.000000000000000000e-01,1.162389281828222876e+00
5.000000000000000000e-01,1.130973355292324900e+00
5.000000000000000000e-01,1.099557428756426924e+00
5.000000000000000000e-01,1.068141502220528949e+00
5.000000000000000000e-01,1.036725575684630973e+00
5.000000000000000000e-01,1.005309649148732998e+00
5.000000000000000000e-01,9.738937226128350222e-01
5.000000000000000000e-01,9.424777960769370466e-01
5.000000000000000000e-01,9.110618695410390711e-01
5.000000000000000000e-01,8.796459430051410955e-01
5.000000000000000000e-01,8.482300164692431199e-01
5.000000000000000000e-01,8.168140899333451443e-01
5.000000000000000000e-01,7.853981633974471688e-01
5.000000000000000000e-01,7.539822368615491932e-01
6.898033618927001953e-01,-6.500346064567565918e-01
6.945185065269470215e-01,-3.125092759728431702e-02
6.963737010955810547e-01,4.961390793323516846e-02
6.974017620086669922e-01,6.862207502126693726e-02
7.000913619995117188e-01,6.878668069839477539e-02
7.010310292243957520e-01,9.555644541978836060e-02
6.969285011291503906e-01,5.098100006580352783e-02
6.878463625907897949e-01,6.003681197762489319e-02
6.966351866722106934e-01,4.735009372234344482e-02
6.996243596076965332e-01,1.068879589438438416e-01
6.942068338394165039e-01,5.650121718645095825e-02
6.985158920288085938e-01,9.632910043001174927e-02
7.001647353172302246e-01,1.290169358253479004e-01
6.984693408012390137e-01,9.661735594272613525e-02
7.022305727005004883e-01,1.415888667106628418e-01
7.019388079643249512e-01,1.751374155282974243e-01
6.716751456260681152e-01,7.950838655233383179e-02
7.019662261009216309e-01,2.312285155057907104e-01
7.019274234771728516e-01,2.385938763618469238e-01
6.963579654693603516e-01,1.874122321605682373e-01
6.967712640762329102e-01,2.777124047279357910e-01
6.914346814155578613e-01,2.821097373962402344e-01
6.999198794364929199e-01,3.556145727634429932e-01
7.057837843894958496e-01,5.372774600982666016e-01
6.854228377342224121e-01,6.179305911064147949e-01
7.304158806800842285e-01,9.471942782402038574e-01
6.975573897361755371e-01,7.774878740310668945e-01
7.066989541053771973e-01,7.973484396934509277e-01
7.042443156242370605e-01,7.128103971481323242e-01
7.059121131896972656e-01,6.234422326087951660e-01
7.016679644584655762e-01,3.917072415351867676e-01
6.973748207092285156e-01,3.051065504550933838e-01
5.000000000000000000e-01,-1.539380400258998582e+00
7.053186297416687012e-01,5.701038241386413574e-01
6.997501254081726074e-01,5.534417033195495605e-01
7.076435685157775879e-01,4.629468619823455811e-01
7.225733995437622070e-01,6.864430308341979980e-01
7.099358439445495605e-01,3.772157728672027588e-01
7.054499983787536621e-01,2.997686862945556641e-01
7.062035202980041504e-01,2.757268548011779785e-01
7.083407640457153320e-01,3.131466507911682129e-01
7.002323865890502930e-01,8.016913384199142456e-02
7.097117900848388672e-01,3.162387907505035400e-01
6.978337764739990234e-01,-1.376358885318040848e-02
7.047601342201232910e-01,9.916431456804275513e-02
6.991924643516540527e-01,6.485598534345626831e-02
6.945950984954833984e-01,-3.594166040420532227e-02
6.933344602584838867e-01,-8.138085901737213135e-02
6.897063851356506348e-01,-9.305393695831298828e-02
6.960594058036804199e-01,-5.219427496194839478e-02
6.948128342628479004e-01,-3.809992223978042603e-02
6.980485916137695312e-01,-3.979960083961486816e-02
6.947183609008789062e-01,-6.769126653671264648e-02
6.972064971923828125e-01,-9.850529581308364868e-02
6.984784007072448730e-01,-8.979345858097076416e-02
6.977434158325195312e-01,-2.278738468885421753e-02
6.986855268478393555e-01,-2.156629459932446480e-03
6.976563334465026855e-01,-3.295426070690155029e-02
6.996372938156127930e-01,-2.095800358802080154e-03
6.994524598121643066e-01,-7.116451859474182129e-02
6.962488293647766113e-01,-2.807596512138843536e-02
6.966957449913024902e-01,5.743289832025766373e-03
6.966515779495239258e-01,-1.009409427642822266e-01
5.000000000000000000e-01,-1.539380400258998582e+00
6.971130371093750000e-01,-2.375192195177078247e-02
6.950200796127319336e-01,2.936859987676143646e-02
7.010852098464965820e-01,-9.010153822600841522e-03
6.960459947586059570e-01,-3.483382612466812134e-02
6.925159096717834473e-01,3.161831572651863098e-02
6.969187259674072266e-01,-7.320911437273025513e-02
7.011811137199401855e-01,-1.130274087190628052e-01
6.981066465377807617e-01,-3.787901252508163452e-02
6.994874477386474609e-01,-5.281460285186767578e-02
6.981794834136962891e-01,-1.449315547943115234e-01
6.975468397140502930e-01,-9.816355258226394653e-02
6.769736409187316895e-01,-1.462674885988235474e-01
6.962478160858154297e-01,-2.013034075498580933e-01
6.674509048461914062e-01,1.446420792490243912e-02
6.979557871818542480e-01,-1.985529363155364990e-01
6.871196031570434570e-01,-2.111255973577499390e-01
6.934610009193420410e-01,2.188923023641109467e-02
7.086260914802551270e-01,-9.034757316112518311e-02
6.879480481147766113e-01,-4.473331272602081299e-01
5.629217624664306641e-01,2.042747884988784790e-01
6.989155411720275879e-01,-8.476151153445243835e-03
6.691077351570129395e-01,3.695839643478393555e-02
6.364720463752746582e-01,4.853183925151824951e-01
6.521478891372680664e-01,5.762431025505065918e-01
7.064825296401977539e-01,4.313197731971740723e-02
6.949117183685302734e-01,4.991951212286949158e-02
6.955255866050720215e-01,7.603114005178213120e-03
6.960745453834533691e-01,3.535018861293792725e-02
6.954638361930847168e-01,2.245745062828063965e-02
6.950308680534362793e-01,2.847453020513057709e-02
5.000000000000000000e-01,-1.539380400258998582e+00
6.968907117843627930e-01,2.086712047457695007e-02
6.964260935783386230e-01,4.817927628755569458e-02
6.944409012794494629e-01,5.230528116226196289e-02
6.961587071418762207e-01,7.029946893453598022e-03
6.959891319274902344e-01,-2.819492109119892120e-02
6.965039968490600586e-01,-1.576416492462158203e-01
6.968939900398254395e-01,-1.725355982780456543e-01
6.980655193328857422e-01,-8.520179986953735352e-02
7.012907862663269043e-01,3.399846330285072327e-02
7.004554867744445801e-01,1.043994445353746414e-02
7.008865475654602051e-01,-8.669192343950271606e-02
6.965653300285339355e-01,-2.415474131703376770e-02
6.952663064002990723e-01,-1.772492751479148865e-02
6.937820315361022949e-01,-1.419871151447296143e-01
6.977135539054870605e-01,-4.876465722918510437e-02
6.896694898605346680e-01,8.316262066364288330e-02
7.027723789215087891e-01,1.446748226881027222e-01
6.985508799552917480e-01,1.827894598245620728e-01
7.004926204681396484e-01,2.501545250415802002e-01
7.039365172386169434e-01,1.727140098810195923e-01
7.018111944198608398e-01,2.900643646717071533e-01
7.012414932250976562e-01,4.328545928001403809e-01
7.046085000038146973e-01,3.417442142963409424e-01
7.078976035118103027e-01,2.363489568233489990e-01
7.095854878425598145e-01,2.177928835153579712e-01
6.895906329154968262e-01,1.057480648159980774e-01
6.983273625373840332e-01,1.920556277036666870e-01
7.003942131996154785e-01,1.189648881554603577e-01
7.025061845779418945e-01,2.845056354999542236e-01
6.953765749931335449e-01,1.721806377172470093e-01
5.000000000000000000e-01,-1.539380400258998582e+00
7.011200785636901855e-01,1.814938187599182129e-01
7.006359696388244629e-01,1.483613997697830200e-01
7.029473781585693359e-01,1.706542968750000000e-01
6.999272108078002930e-01,1.545342952013015747e-01
6.990842223167419434e-01,5.135115236043930054e-02
7.010431289672851562e-01,5.352684110403060913e-02
7.021646499633789062e-01,1.122830435633659363e-02
6.990008354187011719e-01,2.972685545682907104e-02
7.009340524673461914e-01,2.412559837102890015e-01
6.875811219215393066e-01,1.465363949537277222e-01
7.025004625320434570e-01,-2.139164507389068604e-02
6.933127045631408691e-01,-1.234923601150512695e-01
6.991011500358581543e-01,-1.934997588396072388e-01
6.789219379425048828e-01,-1.654176563024520874e-01
6.992673873901367188e-01,-5.410013347864151001e-02
6.865631937980651855e-01,-7.804352324455976486e-03
7.043791413307189941e-01,-3.001254051923751831e-02
6.711866855621337891e-01,-2.175008356571197510e-01
6.713064908981323242e-01,-1.869033873081207275e-01
6.900751590728759766e-01,-1.770955771207809448e-01
6.871041655540466309e-01,-6.314897537231445312e-02
7.099974751472473145e-01,2.888321876525878906e-01
7.126861214637756348e-01,2.681207060813903809e-01
7.118640542030334473e-01,5.335985422134399414e-01
6.984179019927978516e-01,2.760372161865234375e-01
6.949210166931152344e-01,1.198753993958234787e-02
6.971673965454101562e-01,4.580185562372207642e-02
6.973717212677001953e-01,9.549935907125473022e-02
6.967298984527587891e-01,9.457826614379882812e-02
6.962314844131469727e-01,2.490424923598766327e-02
5.000000000000000000e-01,-1.539380400258998582e+00
5.000000000000000000e-01,1.539380400258998582e+00
5.000000000000000000e-01,1.507964473723100607e+00
5.000000000000000000e-01,1.476548547187202631e+00
5.000000000000000000e-01,1.445132620651304656e+00
5.000000000000000000e-01,1.413716694115406680e+00
5.000000000000000000e-01,1.382300767579508705e+00
5.000000000000000000e-01,1.350884841043610729e+00
5.000000000000000000e-01,1.319468914507712753e+00
5.000000000000000000e-01,1.288052987971814778e+00
5.000000000000000000e-01,1.256637061435916802e+00
5.000000000000000000e-01,1.225221134900018827e+00
5.000000000000000000e-01,1.193805208364120851e+00
5.000000000000000000e-01,1.162389281828222876e+00
5.000000000000000000e-01,1.130973355292324900e+00
5.000000000000000000e-01,1.099557428756426924e+00
5.000000000000000000e-01,1.068141502220528949e+00
5.000000000000000000e-01,1.036725575684630973e+00
5.000000000000000000e-01,1.005309649148732998e+00
5.000000000000000000e-01,9.738937226128350222e-01
5.000000000000000000e-01,9.424777960769370466e-01
5.000000000000000000e-01,9.110618695410390711e-01
5.000000000000000000e-01,8.796459430051410955e-01
5.000000000000000000e-01,8.482300164692431199e-01
5.000000000000000000e-01,8.168140899333451443e-01
5.000000000000000000e-01,7.853981633974471688e-01
5.000000000000000000e-01,7.539822368615491932e-01
5.000000000000000000e-01,7.225663103256512176e-01
5.000000000000000000e-01,6.911503837897532421e-01
5.000000000000000000e-01,6.597344572538552665e-01
5.000000000000000000e-01,6.283185307179572909e-01
5.000000000000000000e-01,5.969026041820593154e-01
5.000000000000000000e-01,5.654866776461613398e-01
5.000000000000000000e-01,5.340707511102633642e-01
5.000000000000000000e-01,5.026548245743653887e-01
5.000000000000000000e-01,4.712388980384674686e-01
5.000000000000000000e-01,4.398229715025695485e-01
5.000000000000000000e-01,4.084070449666716285e-01
5.000000000000000000e-01,3.769911184307737084e-01
5.000000000000000000e-01,3.455751918948757884e-01
5.000000000000000000e-01,3.141592653589778683e-01
5.000000000000000000e-01,2.827433388230799483e-01
5.000000000000000000e-01,2.513274122871820282e-01
5.000000000000000000e-01,2.199114857512841081e-01
5.000000000000000000e-01,1.884955592153861881e-01
7.070422172546386719e-01,2.018450200557708740e-01
7.015781402587890625e-01,-6.525848805904388428e-02
6.991471648216247559e-01,-4.041269421577453613e-02
6.948695778846740723e-01,-1.317217946052551270e-01
7.008510828018188477e-01,5.478872358798980713e-02
6.962455511093139648e-01,-3.086128532886505127e-01
6.936712265014648438e-01,-5.021290853619575500e-02
7.007333636283874512e-01,-1.848245710134506226e-01
6.965290904045104980e-01,-3.222998976707458496e-01
6.956988573074340820e-01,-2.298689633607864380e-01
6.952007412910461426e-01,-8.243447542190551758e-02
6.975995898246765137e-01,-1.141082346439361572e-01
6.945686340332031250e-01,-2.433116734027862549e-01
6.943201422691345215e-01,-1.386016905307769775e-01
6.960159540176391602e-01,-8.659821748733520508e-02
6.979240179061889648e-01,-8.895189315080642700e-02
6.987658143043518066e-01,-1.401861477643251419e-02
6.953586935997009277e-01,-7.567252963781356812e-02
7.013158202171325684e-01,8.030150830745697021e-02
6.958738565444946289e-01,-2.015858143568038940e-01
7.029280662536621094e-01,-2.289313450455665588e-02
7.006605863571166992e-01,-1.569646298885345459e-01
6.951794624328613281e-01,-1.881427764892578125e-01
6.945173144340515137e-01,-9.497617185115814209e-02
6.991219520568847656e-01,5.236310511827468872e-02
6.945920586585998535e-01,-1.789921224117279053e-01
6.966129541397094727e-01,-1.666858792304992676e-01
6.976723074913024902e-01,3.548209741711616516e-02
6.984384655952453613e-01,-2.023710124194622040e-02
6.980003714561462402e-01,-1.010315567255020142e-01
5.000000000000000000e-01,-1.539380400258998582e+00
6.983770728111267090e-01,-1.399066150188446045e-01
6.955571770668029785e-01,-1.252012848854064941e-01
6.991109848022460938e-01,2.769041061401367188e-02
6.974644064903259277e-01,-1.033933684229850769e-01
7.012966275215148926e-01,-1.082386896014213562e-01
6.967797279357910156e-01,-1.714844554662704468e-01
6.992515325546264648e-01,-1.191830635070800781e-01
6.964744329452514648e-01,-3.402840718626976013e-02
6.992427110671997070e-01,6.439742282964289188e-04
6.978267431259155273e-01,-4.554694145917892456e-02
6.972180008888244629e-01,-1.032577827572822571e-01
6.985705494880676270e-01,7.392957806587219238e-02
6.945887804031372070e-01,-1.262633800506591797e-01
6.987172961235046387e-01,-3.944501653313636780e-02
6.997258067131042480e-01,4.711138084530830383e-02
6.983972787857055664e-01,1.532817143015563488e-03
6.940968632698059082e-01,-1.715008318424224854e-01
7.048041820526123047e-01,-1.039676368236541748e-01
7.005596160888671875e-01,-1.408202946186065674e-01
6.967599987983703613e-01,8.667077869176864624e-02
7.004764676094055176e-01,1.164236739277839661e-01
7.016605734825134277e-01,1.088283956050872803e-01
7.016683816909790039e-01,1.521094292402267456e-01
7.144498229026794434e-01,4.487528800964355469e-01
7.041968703269958496e-01,1.828437298536300659e-01
7.037922143936157227e-01,5.853065848350524902e-02
7.022673487663269043e-01,-7.694490253925323486e-02
6.939439773559570312e-01,-9.275920689105987549e-02
7.001080513000488281e-01,1.364472955465316772e-01
6.978818774223327637e-01,-2.382318824529647827e-01
6.947728395462036133e-01,-6.170624867081642151e-02
5.000000000000000000e-01,-1.539380400258998582e+00
5.000000000000000000e-01,1.539380400258998582e+00
5.000000000000000000e-01,1.507964473723100607e+00
5.000000000000000000e-01,1.476548547187202631e+00
5.000000000000000000e-01,1.445132620651304656e+00
5.000000000000000000e-01,1.413716694115406680e+00
5.000000000000000000e-01,1.382300767579508705e+00
5.000000000000000000e-01,1.350884841043610729e+00
5.000000000000000000e-01,1.319468914507712753e+00
5.000000000000000000e-01,1.288052987971814778e+00
5.000000000000000000e-01,1.256637061435916802e+00
5.000000000000000000e-01,1.225221134900018827e+00
5.000000000000000000e-01,1.193805208364120851e+00
5.000000000000000000e-01,1.162389281828222876e+00
5.000000000000000000e-01,1.130973355292324900e+00
5.000000000000000000e-01,1.099557428756426924e+00
5.000000000000000000e-01,1.068141502220528949e+00
5.000000000000000000e-01,1.036725575684630973e+00
5.000000000000000000e-01,1.005309649148732998e+00
5.000000000000000000e-01,9.738937226128350222e-01
5.000000000000000000e-01,9.424777960769370466e-01
5.000000000000000000e-01,9.110618695410390711e-01
5.000000000000000000e-01,8.796459430051410955e-01
5.000000000000000000e-01,8.482300164692431199e-01
5.000000000000000000e-01,8.168140899333451443e-01
5.000000000000000000e-01,7.853981633974471688e-01
5.000000000000000000e-01,7.539822368615491932e-01
5.000000000000000000e-01,7.225663103256512176e-01
5.000000000000000000e-01,6.911503837897532421e-01
5.000000000000000000e-01,6.597344572538552665e-01
5.000000000000000000e-01,-1.539380400258998582e+00
5.000000000000000000e-01,-1.507964473723100607e+00
5.000000000000000000e-01,-1.476548547187202631e+00
5.000000000000000000e-01,-1.445132620651304656e+00
5.000000000000000000e-01,-1.413716694115406680e+00
5.000000000000000000e-01,-1.382300767579508705e+00
5.000000000000000000e-01,-1.350884841043610729e+00
5.000000000000000000e-01,-1.319468914507712753e+00
5.000000000000000000e-01,-1.288052987971814778e+00
5.000000000000000000e-01,-1.256637061435916802e+00
5.000000000000000000e-01,-1.225221134900018827e+00
5.000000000000000000e-01,-1.193805208364120851e+00
5.000000000000000000e-01,-1.162389281828222876e+00
5.000000000000000000e-01,-1.130973355292324900e+00
5.000000000000000000e-01,-1.099557428756426924e+00
5.000000000000000000e-01,-1.068141502220528949e+00
5.000000000000000000e-01,-1.036725575684630973e+00
5.000000000000000000e-01,-1.005309649148732998e+00
5.000000000000000000e-01,-9.738937226128350222e-01
5.000000000000000000e-01,-9.424777960769370466e-01
5.000000000000000000e-01,-9.110618695410390711e-01
5.000000000000000000e-01,-8.796459430051410955e-01
5.000000000000000000e-01,-8.482300164692431199e-01
5.000000000000000000e-01,-8.168140899333451443e-01
5.000000000000000000e-01,-7.853981633974471688e-01
5.000000000000000000e-01,-7.539822368615491932e-01
5.000000000000000000e-01,-7.225663103256512176e-01
